1 2 [0.27865016 0.27489904]
2 2 [0.40451893 0.35573977]
3 3 [0.35752404 0.32010263 0.01270032]
4 3 [0.7200415  0.04762975 0.01971134]
5 2 [0.72184384 0.04514746]
6 3 [0.6183945  0.03574773 0.01575724]
7 2 [0.29439136 0.1125939 ]
8 5 [0.0890546  0.04052901 0.02380135 0.0182532  0.01069355]
9 3 [0.13375509 0.08187436 0.02481769]
10 2 [0.40838847 0.05333702]
11 2 [0.34739965 0.1859366 ]
12 3 [0.35976756 0.02145699 0.01097982]
13 2 [0.32165623 0.26294133]
14 2 [0.3266139  0.04399731]
15 2 [0.34130916 0.03729748]
16 3 [0.56559867 0.05435166 0.01418303]
17 2 [0.3634267  0.11144558]
18 2 [0.57891154 0.05562622]
19 3 [0.510903   0.12377673 0.03371352]
20 2 [0.54002273 0.05560663]
21 2 [0.6618518  0.04280929]
22 2 [0.6317468  0.05025535]
23 2 [0.6870955 0.0383217]
24 3 [0.6321968  0.07330684 0.01113941]
25 2 [0.42212507 0.4204713 ]
26 2 [0.44408935 0.38828713]
27 2 [0.42799112 0.3951237 ]
28 3 [0.49467835 0.26386216 0.01080026]
29 2 [0.39703614 0.28360203]
30 3 [0.48133758 0.18217127 0.01812162]
31 3 [0.45755497 0.27502248 0.02146849]
32 4 [0.4047145  0.2655918  0.01311908 0.01262982]
33 2 [0.43012592 0.3623407 ]
34 2 [0.40004173 0.37876868]
35 2 [0.38251033 0.36650616]
36 4 [0.43524295 0.21395272 0.14127623 0.01646291]
37 6 [0.3023683  0.17390679 0.0783872  0.02628942 0.01421741 0.01238946]
38 4 [0.21233761 0.20035268 0.1764886  0.0420064 ]
39 7 [0.1628254  0.1361382  0.10706694 0.10083671 0.05143527 0.02940584 0.02310767]
40 5 [0.3081308  0.19671102 0.05948704 0.0309894  0.01569626]
41 4 [0.43928412 0.10735071 0.09312931 0.02575428]
42 4 [0.39765164 0.16846915 0.12000272 0.03875779]
43 4 [0.620663   0.09378736 0.0518195  0.01282088]
44 4 [0.34429368 0.22687297 0.09531248 0.0885017 ]
45 4 [0.27065003 0.22920121 0.15388654 0.13548417]
46 5 [0.3645471  0.33195397 0.05517881 0.0214102  0.01624854]
47 4 [0.3001255  0.24305205 0.19395381 0.07158796]
48 4 [0.32487106 0.18134779 0.15156388 0.09331082]
49 4 [0.40885973 0.16231917 0.06707652 0.05522363]
50 4 [0.38541216 0.28364575 0.06401755 0.02466678]
51 4 [0.3055007  0.23112173 0.12509523 0.04606409]
52 4 [0.31528416 0.28972012 0.10019169 0.08367191]
53 4 [0.40662596 0.27016282 0.06916983 0.02303712]
54 5 [0.2556571  0.21456195 0.17965291 0.15536414 0.03436698]
55 5 [0.33272627 0.24731904 0.06776215 0.06570045 0.03444536]
56 4 [0.27986684 0.25106117 0.19115536 0.13308933]
57 4 [0.22233526 0.2065398  0.13195151 0.0833119 ]
58 5 [0.34054244 0.20870037 0.06556748 0.06210072 0.04396133]
59 5 [0.36109394 0.1989776  0.13631073 0.07482036 0.07195833]
60 5 [0.25349265 0.2446262  0.15763728 0.13845992 0.06243559]
61 5 [0.31820047 0.23954144 0.13024506 0.09274709 0.04893691]
62 5 [0.35070074 0.12124147 0.11348425 0.09909583 0.05193419]
63 4 [0.33059397 0.19998112 0.10828286 0.10543916]
64 4 [0.4575094  0.1496875  0.11520524 0.0727165 ]
65 6 [0.23831122 0.2330684  0.21497186 0.08408603 0.01469822 0.01247397]
66 6 [0.21098419 0.19366427 0.15956508 0.09669814 0.04618039 0.0150608 ]
67 5 [0.32750776 0.22977641 0.16221865 0.08834761 0.02247044]
68 5 [0.26356927 0.21481308 0.21363898 0.11059054 0.02160655]
69 5 [0.25601485 0.23961782 0.20684794 0.08291096 0.01291269]
70 5 [0.32495907 0.25441805 0.10131431 0.02937298 0.02053273]
71 4 [0.28379193 0.20731993 0.17334855 0.05033456]
72 6 [0.33885142 0.20716624 0.11911434 0.06042909 0.04452835 0.02027112]
73 5 [0.19903158 0.18247075 0.1434602  0.13129973 0.09481055]
74 6 [0.23092578 0.14079525 0.11397935 0.06951251 0.04416144 0.02105263]
75 6 [0.22239937 0.16836919 0.15752491 0.14914891 0.14705743 0.01066945]
76 5 [0.2129242  0.1542365  0.14440495 0.13941117 0.13710818]
77 5 [0.3705145  0.24700896 0.09716988 0.03705414 0.01948251]
78 4 [0.30118662 0.19360082 0.18310939 0.12001229]
79 3 [0.32461733 0.22937152 0.18806669]
80 4 [0.32165375 0.20448714 0.15918316 0.03190729]
81 4 [0.438684   0.16979252 0.16906461 0.07007246]
82 4 [0.351698   0.17039709 0.13258426 0.12276823]
83 4 [0.3922819  0.20210475 0.13941889 0.1209394 ]
84 4 [0.37629867 0.25905418 0.11049553 0.10871614]
85 4 [0.27783808 0.2280013  0.19780308 0.14127097]
86 4 [0.37064618 0.15596856 0.15068722 0.14789052]
87 4 [0.35915443 0.22422461 0.20329018 0.0557191 ]
88 4 [0.33645773 0.2395962  0.20856826 0.06332932]
89 3 [0.46828136 0.23533389 0.02926096]
90 4 [0.3650584  0.33048868 0.12088992 0.01515995]
91 4 [0.47958884 0.20892604 0.09386696 0.07435661]
92 4 [0.25216976 0.24470459 0.19824977 0.10496127]
93 4 [0.3082029  0.21404263 0.21097736 0.12636842]
94 3 [0.3619696  0.30575427 0.18933399]
95 4 [0.29062036 0.26026478 0.16188422 0.14174758]
96 4 [0.42732114 0.2950233  0.10726662 0.05098461]
97 4 [0.39416647 0.19908433 0.16070499 0.09165191]
98 4 [0.3156076  0.21267474 0.15475492 0.09001835]
99 4 [0.44581866 0.19041252 0.11321603 0.03490077]
100 4 [0.39463255 0.26914155 0.08094528 0.04458423]
101 4 [0.40132755 0.23042852 0.14821489 0.04055513]
102 4 [0.4127532  0.15004091 0.13763939 0.08976713]
103 4 [0.36737692 0.23953001 0.11424372 0.109655  ]
104 4 [0.42772135 0.1777374  0.15132333 0.11868826]
105 4 [0.4869599  0.23176631 0.10261985 0.04667153]
106 4 [0.46886048 0.14384757 0.11421726 0.08391496]
107 4 [0.34229687 0.19731882 0.13235554 0.02563387]
108 4 [0.30657074 0.24359992 0.18844274 0.08577554]
109 4 [0.31124097 0.20799066 0.1503685  0.03264044]
110 4 [0.40686744 0.27417833 0.07209164 0.04589916]
111 4 [0.39325148 0.1773066  0.14963128 0.10215022]
112 4 [0.37892053 0.13219678 0.12333407 0.05515856]
113 4 [0.2425957  0.22767371 0.10825548 0.09836118]
114 4 [0.24374993 0.1975399  0.18165994 0.12148291]
115 4 [0.36710918 0.20664756 0.18193328 0.10775696]
116 4 [0.29709238 0.2728648  0.20687763 0.04653815]
117 4 [0.28452983 0.2300084  0.19503765 0.07344519]
118 4 [0.3627909  0.29800344 0.1471006  0.06752674]
119 4 [0.3088416  0.24994658 0.20078266 0.09363116]
120 4 [0.34126183 0.20606212 0.16737506 0.13547564]
121 4 [0.27506727 0.2600397  0.18360855 0.12931924]
122 5 [0.33001646 0.26457626 0.09917839 0.09255853 0.01152214]
123 3 [0.45894638 0.16869923 0.067982  ]
124 4 [0.2535483  0.2008521  0.15754916 0.12655249]
125 4 [0.23424351 0.20876144 0.16978799 0.1273852 ]
126 3 [0.2913229  0.17627287 0.17518324]
127 3 [0.3399822  0.19811118 0.16842446]
128 4 [0.4995445  0.20699018 0.0976818  0.04154936]
129 3 [0.66822094 0.08009652 0.07675996]
130 3 [0.32977661 0.2055324  0.14689244]
131 3 [0.40941194 0.25667164 0.19139248]
132 4 [0.3029738  0.18371357 0.12877129 0.01148375]
133 3 [0.3087462  0.21548171 0.09535867]
134 4 [0.35374242 0.22289987 0.12994847 0.07714219]
135 4 [0.28306866 0.22055009 0.19107836 0.12180106]
136 4 [0.39269483 0.18104602 0.14040369 0.11909651]
137 4 [0.28229886 0.25420833 0.17245945 0.11459652]
138 4 [0.32179493 0.24114084 0.09319009 0.09283753]
139 4 [0.35683584 0.33310482 0.10262132 0.04681674]
140 3 [0.47922197 0.2831523  0.12538695]
141 5 [0.22488536 0.19087675 0.17464653 0.16856328 0.02197369]
142 4 [0.32300538 0.22481556 0.15708679 0.15599297]
143 4 [0.33488736 0.18668427 0.17356643 0.15175739]
144 4 [0.2734816  0.23545827 0.21474957 0.07683437]
145 4 [0.3293352  0.23328587 0.20396215 0.0706877 ]
146 3 [0.3749608  0.2768496  0.17095356]
147 3 [0.39557388 0.23431535 0.2013783 ]
148 3 [0.38985503 0.21248803 0.19573942]
149 3 [0.4338     0.22882503 0.14321259]
150 4 [0.2838547  0.22689185 0.10658483 0.02750017]
151 4 [0.2813663  0.24890149 0.178712   0.04252229]
152 4 [0.35223067 0.20103242 0.17376746 0.02374725]
153 3 [0.3439061  0.2026621  0.18461096]
154 4 [0.4245795  0.14831156 0.08528508 0.0130541 ]
155 3 [0.43064097 0.18062785 0.0692353 ]
156 4 [0.20785856 0.20197378 0.18864955 0.01546118]
157 3 [0.32631627 0.24523997 0.10576791]
158 4 [0.2533206  0.25029042 0.23048766 0.01805066]
159 3 [0.40146455 0.26419425 0.11512946]
160 3 [0.47332156 0.24310517 0.03296455]
161 4 [0.41769063 0.22189847 0.0589592  0.01025715]
162 3 [0.4247974  0.22451825 0.07739072]
163 4 [0.3442085  0.32415983 0.04124653 0.01292139]
164 4 [0.3710364  0.22693636 0.02638607 0.02048395]
165 3 [0.23493142 0.22765622 0.08759674]
166 4 [0.20962782 0.19440365 0.1874886  0.16108246]
167 4 [0.26191345 0.19357748 0.15947953 0.15210591]
168 4 [0.31539616 0.1534083  0.14343116 0.11783526]
169 5 [0.28239563 0.23804045 0.10087884 0.09097205 0.01077107]
170 4 [0.30961952 0.22396104 0.16292766 0.05058655]
171 4 [0.2796008  0.25624406 0.11240978 0.10836819]
172 5 [0.38895693 0.23190401 0.09552443 0.04996524 0.01418773]
173 4 [0.41800892 0.16127026 0.10462318 0.06120659]
174 4 [0.38035902 0.19114584 0.07728394 0.0670867 ]
175 5 [0.2800511  0.17196447 0.15484634 0.04567423 0.01239666]
176 3 [0.296585   0.28607333 0.18609884]
177 5 [0.29897028 0.29387856 0.13581687 0.01750541 0.01440087]
178 3 [0.35997546 0.30252048 0.06800973]
179 3 [0.32782462 0.23941062 0.2200411 ]
180 4 [0.2612848  0.24418247 0.17944582 0.08198781]
181 4 [0.28580314 0.201563   0.17678463 0.16310675]
182 4 [0.32258585 0.23331691 0.16477017 0.0340116 ]
183 4 [0.2823324  0.25989148 0.13881601 0.13754219]
184 4 [0.24758624 0.21688351 0.11916734 0.11893016]
185 4 [0.2515375  0.1622552  0.09961712 0.06194877]
186 5 [0.26431602 0.22701451 0.14697456 0.08761977 0.01390183]
187 4 [0.35286734 0.11730576 0.09610942 0.01302785]
188 5 [0.3494721  0.15575065 0.13654    0.04482821 0.01967198]
189 5 [0.31547254 0.15533152 0.13158548 0.05632231 0.05191094]
190 3 [0.45366403 0.18508288 0.03078377]
191 4 [0.23457481 0.21218732 0.13722837 0.03978352]
192 4 [0.36092028 0.2326516  0.03862686 0.02037793]
193 4 [0.43604633 0.21550018 0.02718736 0.01691916]
194 3 [0.3525147  0.34252977 0.03555908]
195 4 [0.34390426 0.33310637 0.02447052 0.02238593]
196 4 [0.3263142  0.23393165 0.2142609  0.02026095]
197 4 [0.3196845  0.23439573 0.10399763 0.09427851]
198 5 [0.2632547  0.13961485 0.12090001 0.11437984 0.01121178]
199 4 [0.35993472 0.19773664 0.16062403 0.01983969]
200 4 [0.34755    0.29485247 0.12475388 0.01402704]
201 3 [0.31890512 0.24831182 0.19694485]
202 4 [0.2739754  0.24433777 0.16050391 0.01427514]
203 4 [0.4080023  0.20218787 0.07097627 0.0106235 ]
204 3 [0.37232503 0.22329564 0.05024548]
205 4 [0.39063275 0.22443236 0.02122645 0.01211712]
206 4 [0.5255667  0.1673864  0.02424264 0.01197769]
207 4 [0.46028188 0.11379886 0.04423388 0.01517364]
208 4 [0.20810947 0.11547516 0.10405816 0.05385505]
209 4 [0.39033797 0.2267655  0.05867171 0.02992136]
210 4 [0.34777132 0.20420267 0.0620326  0.01337882]
211 4 [0.30176228 0.16173413 0.15313591 0.04604808]
212 3 [0.60218394 0.11886837 0.01840393]
213 4 [0.3649269  0.19315286 0.12232599 0.04838243]
214 3 [0.30942637 0.25202888 0.07170366]
215 3 [0.25073862 0.06624757 0.02392239]
216 4 [0.37600788 0.1869209  0.0411585  0.01054471]
217 2 [0.32101944 0.3075106 ]
218 2 [0.56330323 0.18436836]
219 3 [0.43216938 0.21129711 0.05667001]
220 3 [0.5837006  0.1342421  0.04837979]
221 3 [0.70531493 0.07850944 0.01140572]
222 3 [0.71021634 0.0622636  0.01762797]
223 3 [0.48295063 0.15897371 0.02281659]
224 3 [0.3518553  0.20592716 0.01350418]
225 4 [0.35451195 0.13473329 0.08007196 0.02993855]
226 4 [0.2023249  0.200527   0.1689193  0.02885871]
227 4 [0.3417553  0.2211225  0.11938447 0.01316381]
228 4 [0.32129663 0.20623815 0.11014038 0.01986604]
229 4 [0.3039833  0.23157512 0.12476526 0.01005624]
230 4 [0.30506048 0.2015996  0.16374706 0.0166962 ]
231 4 [0.3461102  0.27986762 0.13881591 0.01492622]
232 4 [0.32484883 0.21701661 0.12567145 0.01807725]
233 4 [0.27700284 0.26050574 0.12950037 0.03022894]
234 4 [0.3301835  0.23074353 0.14702608 0.04904642]
235 4 [0.27733853 0.22847983 0.18236278 0.05130675]
236 4 [0.25396731 0.23794375 0.22177042 0.03325884]
237 3 [0.31322625 0.23794523 0.14728916]
238 3 [0.2579039  0.25556287 0.24125215]
239 3 [0.374888   0.28783312 0.12131559]
240 3 [0.43718988 0.20458956 0.13068925]
241 3 [0.26999938 0.26997763 0.16589575]
242 3 [0.40380174 0.208385   0.16580859]
243 3 [0.39133322 0.16869979 0.1593252 ]
244 3 [0.42017844 0.17892596 0.11009903]
245 4 [0.3849699  0.27623704 0.09194506 0.01031736]
246 3 [0.35727853 0.2816733  0.17279504]
247 3 [0.42326897 0.19940731 0.183431  ]
248 3 [0.3230465  0.25871262 0.18255985]
249 3 [0.4588248  0.22792687 0.13022265]
250 3 [0.42347887 0.20862974 0.17598024]
251 3 [0.30865297 0.25395396 0.16650373]
252 3 [0.40852976 0.30308032 0.1078114 ]
253 3 [0.55337113 0.22446984 0.04502311]
254 2 [0.6049178  0.15205833]
255 4 [0.61244905 0.15801091 0.078836   0.01464594]
256 4 [0.67202336 0.12728977 0.06580072 0.01501311]
257 5 [0.47363976 0.17780031 0.09552245 0.01909285 0.01304207]
258 3 [0.3853905  0.22475758 0.131537  ]
259 3 [0.31730142 0.3067865  0.11893806]
260 4 [0.3407726  0.24823494 0.13319176 0.06260694]
261 4 [0.37371296 0.29844007 0.15466753 0.01079905]
262 3 [0.28272644 0.20835252 0.1777649 ]
263 3 [0.41570032 0.22125535 0.14741518]
264 2 [0.421752   0.08903024]
265 3 [0.33433968 0.24263468 0.01140548]
266 3 [0.3960248  0.23343168 0.15009688]
267 3 [0.2867288  0.24562676 0.14932874]
268 4 [0.5032986  0.13074256 0.12377832 0.01125458]
269 7 [0.4754756  0.12114179 0.04855677 0.0465389  0.03270261 0.01346917 0.01027131]
270 5 [0.26300067 0.15955645 0.15832262 0.06899284 0.04015502]
271 4 [0.19518852 0.15636586 0.1390038  0.13480414]
272 4 [0.1929555  0.18921968 0.17523383 0.04697589]
273 4 [0.17814162 0.12137508 0.119842   0.03622087]
274 4 [0.24574389 0.19138663 0.12980042 0.04216047]
275 4 [0.23696192 0.23190598 0.1136036  0.04615436]
276 4 [0.6829271  0.0734532  0.06113178 0.02267447]
277 4 [0.31569588 0.25727588 0.09218629 0.055189  ]
278 4 [0.31229466 0.22529776 0.09914652 0.07089566]
279 3 [0.47173628 0.18595536 0.15313931]
280 4 [0.39878285 0.22207434 0.14224526 0.02003217]
281 4 [0.44411924 0.20795281 0.0458667  0.01896434]
282 4 [0.37175158 0.24824953 0.12996842 0.01328387]
283 3 [0.6596349  0.08751878 0.02291168]
284 3 [0.43106192 0.1313298  0.03818676]
285 3 [0.5562961  0.10255116 0.01073452]
286 3 [0.3288967  0.1022692  0.08340947]
287 3 [0.46511286 0.14420731 0.10438287]
288 3 [0.47408682 0.24453755 0.06653377]
289 4 [0.47993207 0.07823681 0.02932728 0.01445105]
290 4 [0.3692347  0.19078143 0.05931395 0.01316904]
291 5 [0.44432867 0.17280056 0.06772596 0.02429073 0.01089762]
292 5 [0.48272792 0.15833087 0.04211662 0.02909952 0.01089088]
293 3 [0.42922384 0.26570576 0.10134012]
294 3 [0.27321    0.23482735 0.21282546]
295 3 [0.30216593 0.18209046 0.1765464 ]
296 3 [0.34357256 0.22804259 0.0903772 ]
297 3 [0.32673308 0.27805528 0.12080204]
298 3 [0.33429414 0.267728   0.15464461]
299 3 [0.31077436 0.25268787 0.11778269]
300 5 [0.2856683  0.26513594 0.03326279 0.01307819 0.01190295]
301 4 [0.37151808 0.35397026 0.01691875 0.01018281]
302 4 [0.47914964 0.23603922 0.01227489 0.01054469]
303 4 [0.5889328  0.07676038 0.03135671 0.02408276]
304 4 [0.47167936 0.24309109 0.05821006 0.02889174]
305 4 [0.55340457 0.2114674  0.06033782 0.02378446]
306 4 [0.42432275 0.257468   0.05932056 0.02851716]
307 3 [0.61659086 0.17159511 0.03144352]
308 3 [0.5224421  0.0738311  0.02268003]
309 3 [0.323786   0.19170947 0.04868419]
310 4 [0.26857817 0.20456752 0.17561263 0.03294371]
311 4 [0.32777023 0.2362969  0.09827234 0.03892949]
312 4 [0.5188748  0.1902033  0.05914117 0.03994055]
313 4 [0.36156803 0.17632848 0.14642249 0.0425519 ]
314 5 [0.31780788 0.21881236 0.16600277 0.03557121 0.02089071]
315 4 [0.28289968 0.17741115 0.16189913 0.04976738]
316 3 [0.45095384 0.19971518 0.12937911]
317 6 [0.29082528 0.19123311 0.05348524 0.02450942 0.01482539 0.01023569]
318 4 [0.2775717  0.2370033  0.11206085 0.01605063]
319 4 [0.3381262  0.09534296 0.05697474 0.04206311]
320 3 [0.42270485 0.08632307 0.07924332]
321 4 [0.5419903  0.11855227 0.06639413 0.0160842 ]
322 6 [0.47082373 0.09256081 0.06081956 0.0440466  0.02999608 0.01789625]
323 5 [0.369249   0.1614969  0.11334325 0.03742508 0.02708886]
324 4 [0.34620047 0.1252757  0.04042972 0.03470786]
325 3 [0.33344284 0.12601882 0.04407184]
326 3 [0.19193083 0.06338593 0.02622618]
327 4 [0.40835705 0.19952103 0.11456578 0.01066527]
328 4 [0.44971773 0.0845468  0.03139625 0.01804438]
329 4 [0.4315431  0.1501086  0.14709346 0.0125668 ]
330 4 [0.339586   0.2320679  0.14929342 0.0567412 ]
331 4 [0.5478196  0.17958885 0.1059594  0.01043381]
332 4 [0.62638056 0.13507637 0.11147793 0.01939362]
333 4 [0.23665774 0.22326125 0.16889569 0.02576904]
334 4 [0.42672622 0.18247122 0.15941048 0.02822647]
335 5 [0.28519627 0.18573318 0.11577463 0.05621062 0.04473513]
336 4 [0.58185434 0.1521254  0.04994027 0.02944229]
337 6 [0.69554514 0.07559275 0.04827443 0.02483563 0.01737564 0.01683182]
338 5 [0.32973802 0.13255629 0.04905221 0.03915079 0.03038915]
339 6 [0.24978763 0.1955669  0.08355112 0.06322625 0.0252104  0.01132518]
340 4 [0.324459   0.19776869 0.04440484 0.01043954]
341 5 [0.24614044 0.21658881 0.0622195  0.03380026 0.01775667]
342 3 [0.5079552  0.17866011 0.04175664]
343 4 [0.45287964 0.14739455 0.06277823 0.06128227]
344 6 [0.21853258 0.12245204 0.07013597 0.05647269 0.01734955 0.01055659]
345 4 [0.25640982 0.17699389 0.15763165 0.01306069]
346 3 [0.26003903 0.14778762 0.11194237]
347 4 [0.20999718 0.18626805 0.0779094  0.01077545]
348 3 [0.46568596 0.19344844 0.07236365]
349 4 [0.2797486  0.19888984 0.12238684 0.01114476]
350 3 [0.38653696 0.24162015 0.09605099]
351 4 [0.24781193 0.23512535 0.13872628 0.02741217]
352 4 [0.33069387 0.23858906 0.14068006 0.01689312]
353 4 [0.5110184  0.16633089 0.09277067 0.01872398]
354 4 [0.32289147 0.20286779 0.16325264 0.0155105 ]
355 4 [0.48931324 0.14214773 0.07514034 0.02215479]
356 3 [0.4084309  0.16348177 0.15302959]
357 4 [0.30985156 0.29422185 0.1271059  0.01414256]
358 4 [0.4129289  0.17907527 0.12030488 0.02419921]
359 4 [0.42038867 0.16424815 0.12419557 0.04150781]
360 4 [0.2284868  0.22482058 0.2183195  0.02097122]
361 5 [0.47796217 0.16360076 0.13267031 0.01030202 0.01026937]
362 4 [0.32434788 0.19107813 0.17832959 0.02828475]
363 5 [0.34530205 0.14600562 0.14580224 0.02215037 0.01570655]
364 4 [0.3039874  0.25253215 0.14131887 0.01837203]
365 5 [0.39805326 0.15474288 0.07960089 0.05079886 0.02566711]
366 4 [0.44013053 0.1691266  0.15125231 0.01097321]
367 4 [0.34904623 0.26161182 0.10146419 0.01208103]
368 4 [0.683804   0.11251481 0.02958376 0.01854067]
369 4 [0.4479174  0.19889203 0.0932306  0.01263304]
370 3 [0.36596346 0.28321838 0.15997216]
371 3 [0.31177843 0.1974476  0.07821992]
372 5 [0.28470802 0.2330197  0.09392726 0.04575818 0.01335194]
373 4 [0.24780023 0.21655622 0.12744051 0.12058279]
374 5 [0.2850546  0.24818473 0.23008388 0.02719548 0.02686912]
375 4 [0.3573764  0.33282974 0.10982115 0.06320442]
376 3 [0.2752459  0.25630698 0.21799704]
377 5 [0.42177853 0.19813697 0.11770852 0.06653719 0.01535808]
378 4 [0.31272483 0.2726923  0.17743054 0.01342174]
379 3 [0.40723145 0.18353662 0.17783533]
380 4 [0.38623348 0.16441642 0.13915795 0.12258646]
381 4 [0.33962014 0.17501447 0.16249652 0.11849108]
382 5 [0.4031573  0.18732281 0.13719477 0.07437144 0.01004745]
383 4 [0.4623089  0.29150078 0.03999018 0.01151609]
384 2 [0.40982595 0.38065153]
385 2 [0.35246345 0.30060777]
386 3 [0.6121358  0.13697195 0.06795463]
387 3 [0.6715858  0.13235524 0.03783431]
388 3 [0.5749225  0.2567723  0.02197927]
389 3 [0.5667504  0.2783535  0.01212294]
390 3 [0.74281037 0.0681216  0.01191765]
391 3 [0.5315784  0.20120294 0.08415028]
392 3 [0.43444625 0.2916414  0.08832235]
393 4 [0.45629308 0.22287449 0.09963806 0.01650628]
394 5 [0.5840929  0.18641217 0.04540854 0.01368194 0.01108123]
395 2 [0.41019037 0.40635675]
396 4 [0.4418641  0.16997373 0.13871276 0.02167718]
397 4 [0.46050522 0.27587104 0.02347044 0.02316454]
398 4 [0.52001065 0.28111857 0.01711512 0.01417141]
399 4 [0.5584054  0.23569739 0.02486641 0.01651814]
400 5 [0.5825084  0.10777002 0.02248873 0.02241024 0.01973242]
401 4 [0.61504376 0.18558475 0.01574492 0.01141666]
402 4 [0.30427864 0.27709684 0.04947979 0.02833638]
403 4 [0.35612202 0.28384712 0.02244759 0.01329059]
404 2 [0.4974472 0.2647592]
405 3 [0.33587536 0.30208436 0.03053207]
406 3 [0.3571342  0.32152975 0.11826237]
407 3 [0.31911933 0.27809247 0.2204573 ]
408 3 [0.41450664 0.35725346 0.01917369]
409 3 [0.54780626 0.2784694  0.01944773]
410 4 [0.5214576  0.2936492  0.03915925 0.01152444]
411 3 [0.65830606 0.13555872 0.08171137]
412 2 [0.60222834 0.25651172]
413 2 [0.6479515  0.17428836]
414 3 [0.6557297  0.14181785 0.01508112]
415 2 [0.67869174 0.17273389]
416 2 [0.6757579  0.18054086]
417 2 [0.5831825  0.28184125]
418 3 [0.4206228  0.27378905 0.11435033]
419 3 [0.714533   0.16420917 0.06501651]
420 4 [0.7507879  0.06552045 0.06529281 0.03372901]
421 3 [0.6242197  0.15483245 0.1075515 ]
422 4 [0.2948419  0.22193487 0.21098393 0.09407581]
423 4 [0.42092222 0.2611332  0.1163202  0.10135537]
424 5 [0.26665112 0.20200042 0.13605227 0.12060732 0.01661428]
425 4 [0.25320178 0.20106137 0.19444735 0.18826509]
426 3 [0.49110088 0.17925972 0.14415587]
427 3 [0.41446343 0.18378404 0.11073621]
428 3 [0.57049555 0.13107963 0.09655496]
429 3 [0.39355782 0.19480501 0.16785787]
430 3 [0.36369395 0.19560835 0.17878413]
431 3 [0.2703208  0.22474216 0.17296663]
432 3 [0.39070994 0.1752051  0.13192536]
433 3 [0.29524487 0.2162958  0.13113493]
434 3 [0.32775944 0.19802357 0.18072446]
435 4 [0.4189277  0.20516478 0.12151258 0.0380151 ]
436 3 [0.4248797  0.25659713 0.1440658 ]
437 4 [0.55260104 0.15527616 0.12409453 0.02101666]
438 5 [0.3535966  0.08605522 0.07237532 0.03199491 0.01371577]
439 4 [0.41411695 0.2446657  0.09462693 0.0236233 ]
440 4 [0.2896708  0.27324525 0.0661603  0.05037553]
441 4 [0.42861572 0.22972304 0.08690128 0.04066672]
442 4 [0.5022081  0.18755722 0.11042127 0.02831634]
443 4 [0.59172565 0.12288584 0.11311191 0.03475548]
444 4 [0.33594713 0.21376653 0.1515068  0.07411642]
445 4 [0.2979179  0.22744471 0.14945251 0.03380928]
446 4 [0.2330402  0.13974534 0.13153213 0.0567886 ]
447 3 [0.46255088 0.16217601 0.05597018]
448 3 [0.4178585  0.1576613  0.09054569]
449 4 [0.3266714  0.19329414 0.14612304 0.05512898]
450 4 [0.370857   0.20033412 0.09431836 0.02257697]
451 4 [0.29810277 0.25205886 0.17379119 0.05856043]
452 4 [0.61664164 0.1308328  0.09047269 0.03914584]
453 4 [0.46176904 0.22395729 0.10157049 0.03415602]
454 4 [0.2643731  0.26062012 0.16879337 0.05797927]
455 4 [0.2930996  0.21269792 0.16767523 0.0531169 ]
456 4 [0.38764477 0.17196974 0.05327497 0.02348473]
457 4 [0.38266298 0.21945135 0.12223839 0.03524391]
458 3 [0.30228654 0.2921905  0.14058541]
459 4 [0.35487586 0.2475456  0.13937014 0.05586735]
460 4 [0.3504275  0.17693944 0.11871553 0.0278859 ]
461 4 [0.2725371  0.16976848 0.167997   0.04725347]
462 4 [0.4088174  0.20715329 0.12777062 0.04478155]
463 4 [0.44528815 0.19838913 0.10753475 0.0550991 ]
464 4 [0.4226768  0.21263328 0.11840243 0.04431199]
465 4 [0.41031677 0.2299424  0.12524354 0.03305482]
466 4 [0.42939082 0.19556685 0.15137565 0.02628158]
467 4 [0.40310094 0.2131994  0.14712036 0.04019372]
468 4 [0.32597405 0.18689771 0.11806931 0.07642116]
469 4 [0.5028099  0.15982153 0.10613969 0.05820561]
470 4 [0.5403433  0.14954647 0.13159846 0.02433511]
471 4 [0.5126499  0.1659521  0.13204536 0.01857147]
472 4 [0.5091359  0.16619407 0.1226135  0.02702057]
473 4 [0.50875694 0.18488821 0.08589577 0.03158969]
474 4 [0.5274005  0.19962457 0.08468386 0.01673689]
475 4 [0.5622892  0.17376736 0.08311335 0.01195629]
476 4 [0.4017856  0.27508736 0.11116225 0.01806501]
477 4 [0.436943   0.23590961 0.12257688 0.0177874 ]
478 3 [0.2909723  0.28296793 0.14924784]
479 3 [0.31781816 0.21884231 0.19246593]
480 3 [0.30367503 0.25410992 0.17538059]
481 3 [0.27232268 0.2269778  0.21709304]
482 3 [0.30384278 0.22959207 0.18017994]
483 3 [0.27024344 0.22355083 0.22308207]
484 3 [0.29427433 0.2777923  0.22018036]
485 3 [0.2744178  0.25976968 0.19947551]
486 3 [0.28284082 0.27238786 0.16975135]
487 3 [0.35167554 0.23233697 0.18134119]
488 3 [0.30258945 0.24264452 0.23562174]
489 3 [0.3522504  0.2506484  0.19695453]
490 3 [0.3039672  0.2789075  0.19475554]
491 4 [0.2902675  0.2505008  0.21322958 0.01617612]
492 4 [0.26399183 0.25578842 0.21434556 0.02145265]
493 4 [0.34644806 0.19887857 0.16229087 0.11771097]
494 4 [0.29494277 0.23525307 0.23293442 0.0101111 ]
495 4 [0.27045882 0.24287218 0.24272597 0.01392426]
496 4 [0.22715926 0.20087256 0.19338988 0.16444333]
497 3 [0.2643048 0.2131965 0.1751695]
498 4 [0.23019126 0.22825934 0.12628095 0.06804002]
499 3 [0.25840107 0.2308272  0.13021332]
500 4 [0.2811834  0.24165213 0.15236434 0.015211  ]
501 4 [0.33393294 0.2067179  0.10461826 0.0591836 ]
502 4 [0.39544693 0.20998915 0.12223144 0.02257932]
503 3 [0.5690092  0.17804512 0.1032383 ]
504 3 [0.40290597 0.2081204  0.11641511]
505 4 [0.36164412 0.17939025 0.10436409 0.01389168]
506 3 [0.45728394 0.20110576 0.12329734]
507 3 [0.39681062 0.2104268  0.02848985]
508 3 [0.3389829  0.24968982 0.15927982]
509 4 [0.34579942 0.22277495 0.05020043 0.01712617]
510 5 [0.30955923 0.23802641 0.03770328 0.03401957 0.0318884 ]
511 5 [0.3281963  0.22588448 0.04927467 0.02985721 0.0130732 ]
512 5 [0.36317948 0.21849868 0.0515178  0.0256674  0.01280043]
513 6 [0.33250552 0.24392982 0.04419046 0.03393419 0.01466828 0.0142599 ]
514 5 [0.30224356 0.28537452 0.04277246 0.02188687 0.01273715]
515 6 [0.3390569  0.21244568 0.05030977 0.03148059 0.01680133 0.01143624]
516 6 [0.32391536 0.22927904 0.04385965 0.02195171 0.01906081 0.01693868]
517 4 [0.3111869  0.24838237 0.07368392 0.01066488]
518 4 [0.25889885 0.23237874 0.15076672 0.01323419]
519 3 [0.22558996 0.21631113 0.17578836]
520 4 [0.25006425 0.19283858 0.16417803 0.02726686]
521 5 [0.2737822  0.189922   0.16772519 0.03492236 0.01976116]
522 6 [0.2789903  0.207724   0.1299572  0.04170955 0.01918069 0.01087   ]
523 5 [0.27786943 0.17452687 0.13869563 0.05154148 0.02291557]
524 5 [0.25772431 0.22714317 0.16720176 0.03642114 0.01735158]
525 6 [0.2242468  0.22077942 0.16122612 0.03978124 0.01590028 0.01087266]
526 5 [0.24067923 0.17187844 0.15286063 0.03118312 0.0137407 ]
527 5 [0.270702   0.22974737 0.14936508 0.03133352 0.01304734]
528 5 [0.32104456 0.21173649 0.13918282 0.02801426 0.01745616]
529 4 [0.32922325 0.19475766 0.11534701 0.04038645]
530 5 [0.19100691 0.16687977 0.14713056 0.05497859 0.02602396]
531 6 [0.25786182 0.13682811 0.13547073 0.04607979 0.03620402 0.02242151]
532 6 [0.277159   0.25404266 0.10388374 0.04157036 0.03511281 0.01774443]
533 6 [0.25985467 0.14701782 0.13434352 0.04886244 0.04658544 0.02116836]
534 6 [0.20727727 0.14531687 0.14388339 0.04973588 0.0390088  0.02439089]
535 5 [0.32372138 0.18771613 0.13662273 0.03325486 0.02459809]
536 5 [0.43196344 0.25892222 0.07178545 0.02359601 0.01569928]
537 4 [0.3100516  0.27032542 0.06221521 0.0287775 ]
538 5 [0.34315598 0.15489328 0.14717856 0.03208458 0.02231154]
539 5 [0.35373676 0.22443508 0.08960282 0.06690078 0.03777935]
540 5 [0.41013527 0.1273669  0.1088085  0.02955601 0.01057213]
541 4 [0.32871413 0.23066945 0.09205358 0.04347447]
542 4 [0.33371627 0.23141879 0.12116091 0.04728026]
543 4 [0.41878274 0.22994095 0.10743339 0.03728519]
544 4 [0.42641556 0.20680667 0.09801704 0.03529983]
545 4 [0.28787705 0.17374499 0.13181305 0.09232562]
546 5 [0.2891822  0.28381613 0.06536607 0.04699652 0.01784815]
547 6 [0.41338733 0.11640877 0.06629229 0.02463885 0.01338087 0.01285134]
548 4 [0.37703338 0.20143415 0.05586428 0.01407877]
549 3 [0.4246755  0.1472179  0.04742558]
550 5 [0.2956437  0.23007655 0.06376635 0.06158506 0.0367409 ]
551 4 [0.23808612 0.21999007 0.13958283 0.08064783]
552 5 [0.30572164 0.20629765 0.11595145 0.06261563 0.03418823]
553 5 [0.27961263 0.2304589  0.12135804 0.05317475 0.03279343]
554 5 [0.30760032 0.21632873 0.10012841 0.06008509 0.04626221]
555 5 [0.29067108 0.24816221 0.08740906 0.08678153 0.02129395]
556 4 [0.29720286 0.17835608 0.12753616 0.03652993]
557 5 [0.26672107 0.22878812 0.11707121 0.03720263 0.01320203]
558 5 [0.27464202 0.24250704 0.11030082 0.03907424 0.01225063]
559 5 [0.31765833 0.25059104 0.08357413 0.0332828  0.01202899]
560 4 [0.3001761  0.25489214 0.08141821 0.03088346]
561 5 [0.32090858 0.19965565 0.08473291 0.03358457 0.02236284]
562 5 [0.30027124 0.29889542 0.07013276 0.02102266 0.0131085 ]
563 4 [0.269136   0.25211513 0.21657313 0.02799558]
564 4 [0.2831095  0.28031448 0.15692398 0.02706915]
565 4 [0.30037805 0.2930508  0.13217372 0.024713  ]
566 4 [0.3056362  0.2632379  0.13829388 0.03112421]
567 4 [0.30605355 0.26848215 0.14866014 0.03077342]
568 5 [0.28543258 0.27688128 0.16202362 0.02310536 0.01264226]
569 3 [0.32940486 0.26797375 0.11390985]
570 4 [0.30406696 0.22779003 0.21672788 0.01197905]
571 3 [0.39850712 0.24085538 0.20444329]
572 4 [0.30824262 0.29241365 0.12933254 0.01415947]
573 3 [0.40439352 0.228427   0.21865621]
574 3 [0.36962774 0.27680036 0.21039334]
575 3 [0.3171952  0.29673907 0.19659856]
576 4 [0.34963682 0.28084037 0.13077052 0.01023172]
577 3 [0.2983009  0.29141006 0.22629313]
578 4 [0.39040354 0.29088238 0.07196755 0.02261844]
579 4 [0.37887454 0.25719166 0.07335707 0.03781165]
580 4 [0.35061252 0.22318693 0.06624913 0.04843129]
581 4 [0.36327866 0.2395628  0.05982922 0.04230321]
582 4 [0.29610106 0.25645727 0.06832878 0.04006037]
583 4 [0.34842706 0.26156515 0.05641313 0.03052927]
584 4 [0.37138107 0.10270876 0.09986924 0.04083491]
585 5 [0.5352025  0.16395268 0.04425395 0.02359585 0.01882721]
586 5 [0.2875645  0.2760657  0.0988923  0.03605898 0.02716568]
587 5 [0.25470325 0.23497078 0.11943138 0.03810544 0.02772848]
588 4 [0.27390712 0.27082148 0.24966167 0.03022671]
589 4 [0.47470507 0.24364853 0.06780551 0.02833799]
590 4 [0.48266914 0.26245993 0.05278332 0.02327427]
591 4 [0.44407505 0.23354569 0.1039099  0.02394815]
592 4 [0.49606085 0.21198307 0.1078421  0.02292906]
593 4 [0.29885045 0.23070732 0.21373656 0.03756863]
594 4 [0.33080173 0.29538512 0.08342298 0.05345263]
595 4 [0.37775892 0.25247627 0.11536339 0.02759701]
596 4 [0.27927086 0.2692203  0.17244975 0.04563247]
597 6 [0.28407732 0.22184621 0.14068092 0.07207208 0.06115235 0.01152429]
598 4 [0.39146638 0.22735511 0.18428995 0.03452543]
599 4 [0.3454073  0.30721146 0.07215388 0.05619184]
600 4 [0.41582882 0.28136224 0.06877477 0.01996582]
601 5 [0.32058823 0.2952334  0.097625   0.02842755 0.01900941]
602 5 [0.34150168 0.30455875 0.07704072 0.0443203  0.01201273]
603 5 [0.3401723  0.290645   0.07552157 0.04067885 0.01436969]
604 4 [0.3310688  0.20621826 0.1554891  0.08109755]
605 4 [0.31161493 0.2576053  0.17816405 0.04644648]
606 4 [0.32052913 0.30495557 0.09348667 0.01707727]
607 4 [0.35552007 0.32956156 0.04176066 0.02311632]
608 4 [0.287055   0.26096156 0.1942039  0.01886477]
609 3 [0.32662073 0.22096702 0.21722613]
610 3 [0.36371335 0.22287774 0.12162428]
611 3 [0.3244513  0.29133636 0.11591213]
612 3 [0.26392603 0.23910458 0.23694065]
613 4 [0.28170663 0.255405   0.19966897 0.01241374]
614 3 [0.30208316 0.25355557 0.22103964]
615 3 [0.296751   0.25374734 0.23503709]
616 3 [0.2967291  0.26272386 0.2157723 ]
617 4 [0.3548422  0.22071262 0.21386686 0.01285978]
618 4 [0.32570007 0.2709012  0.16757706 0.04112861]
619 4 [0.37181947 0.22656251 0.21606305 0.0252625 ]
620 4 [0.3042921  0.25670803 0.21912928 0.03965401]
621 4 [0.3974606  0.26048273 0.08733612 0.0303414 ]
622 4 [0.37940046 0.2456299  0.15843405 0.0282188 ]
623 3 [0.53751904 0.2320194  0.05362275]
624 3 [0.49417815 0.21085355 0.14717825]
625 3 [0.21938694 0.17595382 0.1556838 ]
626 3 [0.3163361  0.31236944 0.12438484]
627 3 [0.36530477 0.23358299 0.12463724]
628 3 [0.30334055 0.23322774 0.2046977 ]
629 3 [0.4478628  0.28874254 0.10827763]
630 4 [0.3472995  0.2078133  0.20148611 0.03770542]
631 3 [0.34928605 0.25882295 0.23363946]
632 3 [0.47568727 0.21850948 0.14282326]
633 3 [0.32519698 0.3205309  0.16922514]
634 3 [0.35300753 0.29632142 0.10078666]
635 3 [0.28241414 0.24969268 0.24226272]
636 3 [0.36576247 0.235563   0.2013111 ]
637 3 [0.31546608 0.2555446  0.19087201]
638 4 [0.290484   0.27976248 0.16169082 0.01373489]
639 3 [0.360611   0.21804164 0.10206179]
640 3 [0.3511368  0.23714149 0.1631487 ]
641 3 [0.3004188  0.27304804 0.18405786]
642 3 [0.40288234 0.24319085 0.12739806]
643 3 [0.44191635 0.15515009 0.13901246]
644 4 [0.50702035 0.2092758  0.07484476 0.05393946]
645 3 [0.29005244 0.23909868 0.16565546]
646 3 [0.26750016 0.2135631  0.17253025]
647 3 [0.3653176  0.18735224 0.08379594]
648 3 [0.34253454 0.23857047 0.1464081 ]
649 4 [0.2749371  0.26503226 0.06123908 0.0287416 ]
650 5 [0.4180715  0.21364756 0.10838939 0.0425986  0.01135354]
651 4 [0.33295807 0.20257422 0.1713569  0.03889145]
652 4 [0.34400228 0.1853696  0.17324919 0.03444846]
653 4 [0.23319225 0.20741014 0.1715115  0.0776213 ]
654 4 [0.46330538 0.20468023 0.05571846 0.03882769]
655 5 [0.28226754 0.2513487  0.1388486  0.07357622 0.01112731]
656 4 [0.34532928 0.30713242 0.14613846 0.03341955]
657 4 [0.38542926 0.29767293 0.1334458  0.03334063]
658 3 [0.52577734 0.19105613 0.05448372]
659 4 [0.4673411  0.21127956 0.05644682 0.01036337]
660 3 [0.58160585 0.18199126 0.04443651]
661 3 [0.6158475  0.16914065 0.03440339]
662 3 [0.6742135  0.15591495 0.02205641]
663 2 [0.7041599  0.13495953]
664 3 [0.4155145  0.22011836 0.02051005]
665 2 [0.4722197  0.27958417]
666 2 [0.35116386 0.2626325 ]
667 2 [0.5404559  0.20884214]
668 2 [0.34448192 0.23875302]
669 2 [0.43007267 0.25266325]
670 2 [0.52354795 0.2159628 ]
671 2 [0.357803   0.25516143]
672 2 [0.3179194  0.29194352]
673 2 [0.40504405 0.23885818]
674 2 [0.59004503 0.17410187]
675 2 [0.34060955 0.2544548 ]
676 2 [0.51515687 0.2048866 ]
677 2 [0.49751285 0.19541936]
678 3 [0.3848841  0.21216616 0.11750577]
679 3 [0.3531279  0.23033483 0.07353341]
680 4 [0.24629042 0.20729725 0.11413474 0.01158823]
681 4 [0.42213327 0.10259819 0.08623524 0.01873522]
682 4 [0.54038155 0.15957524 0.06408478 0.02227656]
683 4 [0.3548303  0.24382266 0.06093265 0.01240482]
684 4 [0.25637096 0.22950578 0.20890859 0.01361122]
685 4 [0.43221804 0.18059099 0.18028356 0.01370717]
686 4 [0.36114642 0.32899004 0.0862224  0.01040611]
687 3 [0.4616961  0.21720898 0.13549836]
688 4 [0.38700542 0.26978981 0.02446094 0.01157908]
689 4 [0.29152554 0.19386692 0.0348004  0.01247224]
690 3 [0.31099626 0.25093096 0.02211098]
691 4 [0.31832156 0.24962147 0.02628467 0.01148998]
692 4 [0.3088493  0.24596986 0.02520321 0.011497  ]
693 6 [0.32890248 0.18982969 0.04986415 0.01772493 0.01421686 0.01063822]
694 4 [0.30046615 0.2632925  0.01631287 0.01627593]
695 3 [0.30020553 0.22975282 0.02627984]
696 2 [0.4009794  0.22782008]
697 3 [0.31085625 0.25221032 0.01035776]
698 3 [0.37046763 0.21454674 0.01052963]
699 2 [0.38364485 0.24164514]
700 3 [0.4350567  0.22106129 0.01068733]
701 2 [0.5172021  0.20306928]
702 4 [0.40531108 0.20385168 0.02082276 0.01412445]
703 3 [0.32640478 0.2534633  0.01472497]
704 6 [0.2964855  0.2637546  0.01952638 0.01792055 0.01082514 0.01023833]
705 4 [0.30076942 0.26193962 0.02316184 0.01026012]
706 5 [0.26463467 0.13316411 0.05107259 0.01229064 0.01043008]
707 4 [0.33820298 0.14235394 0.03736836 0.01113551]
708 3 [0.36236376 0.15179202 0.0254924 ]
709 4 [0.36449873 0.11370257 0.02049459 0.01290531]
710 4 [0.31908724 0.1245775  0.03333761 0.01201195]
711 5 [0.3229181  0.12266984 0.03259233 0.01651804 0.01183009]
712 4 [0.37923676 0.07428163 0.02716478 0.01277499]
713 4 [0.37009642 0.10459007 0.03043291 0.01096419]
714 3 [0.25192675 0.23283778 0.03962891]
715 4 [0.23479629 0.19892874 0.05987553 0.01199121]
716 3 [0.27371663 0.15300663 0.07827897]
717 4 [0.2883987  0.10579986 0.07836907 0.01153168]
718 3 [0.23515584 0.11974746 0.06895635]
719 3 [0.22557245 0.1263917  0.05795288]
720 3 [0.27451387 0.19115447 0.05398739]
721 3 [0.2546691  0.25162113 0.05136942]
722 3 [0.21695463 0.14250082 0.06359698]
723 3 [0.28807154 0.12970819 0.04739521]
724 3 [0.22874011 0.17081806 0.0493623 ]
725 3 [0.24559593 0.22300643 0.05465383]
726 3 [0.24208139 0.1820386  0.05468039]
727 3 [0.25133988 0.22004688 0.05530119]
728 3 [0.2696545  0.07715335 0.05499459]
729 3 [0.2386912  0.07491504 0.0439511 ]
730 3 [0.29184964 0.11561363 0.04963051]
731 3 [0.26687816 0.11968728 0.06246177]
732 3 [0.2605142  0.14134374 0.05990744]
733 4 [0.26011577 0.11261945 0.05064701 0.01144313]
734 3 [0.24073501 0.15448214 0.05741763]
735 3 [0.24455175 0.16817911 0.04210698]
736 6 [0.2868069  0.12511188 0.09321452 0.01659158 0.01047417 0.01027571]
737 4 [0.3015804  0.09483473 0.06579325 0.01334542]
738 3 [0.2467042  0.1321012  0.01101656]
739 5 [0.25052878 0.21889491 0.02624994 0.01123875 0.01090907]
740 4 [0.2728367  0.19577399 0.02217216 0.01218538]
741 4 [0.23852882 0.2213245  0.02218656 0.01062684]
742 4 [0.2432207  0.23628645 0.0222454  0.0123828 ]
743 4 [0.24180962 0.1476388  0.02330602 0.02214349]
744 4 [0.28841794 0.16947973 0.0147088  0.01008001]
745 3 [0.25749215 0.25428632 0.02083401]
746 5 [0.28357738 0.2485599  0.01964417 0.01126904 0.01113145]
747 4 [0.29407486 0.20743611 0.0222083  0.01384196]
748 5 [0.28499424 0.26147342 0.01733829 0.01228094 0.01141014]
749 6 [0.24935538 0.23364584 0.02301404 0.01542828 0.0133034  0.01228193]
750 4 [0.2563437  0.16908546 0.03718792 0.01859961]
751 4 [0.3886712  0.20426728 0.01882311 0.01047972]
752 6 [0.24295118 0.1599648  0.06897348 0.02488056 0.01163178 0.01031281]
753 4 [0.38915876 0.20692335 0.01710188 0.0100845 ]
754 4 [0.32811716 0.12951513 0.02128949 0.01578361]
755 5 [0.3655732  0.18439415 0.01856522 0.01468109 0.01119362]
756 5 [0.33061504 0.1667545  0.0220884  0.01664021 0.01312566]
757 4 [0.42597422 0.16073263 0.0155899  0.01091538]
758 5 [0.43257475 0.15975827 0.01779105 0.01235124 0.01232924]
759 4 [0.4407159  0.16105697 0.01856394 0.01199939]
760 4 [0.4392579  0.12262957 0.0148553  0.01048135]
761 4 [0.49600154 0.15058368 0.01411205 0.01057557]
762 4 [0.5187335  0.12284382 0.01282846 0.010432  ]
763 3 [0.4853026  0.11570352 0.0150316 ]
764 4 [0.4662398  0.14954865 0.01334832 0.01020559]
765 4 [0.45688555 0.18981235 0.01477551 0.01099951]
766 3 [0.51602656 0.13829033 0.0178145 ]
767 4 [0.51602656 0.14476186 0.01629212 0.01108118]
768 5 [0.40307894 0.18803297 0.02153489 0.01358544 0.01000881]
769 3 [0.40530455 0.18241115 0.02179893]
770 4 [0.44580233 0.21951206 0.08011412 0.01034839]
771 4 [0.5893472  0.09506149 0.06801903 0.02625651]
772 3 [0.40455398 0.16227633 0.07112328]
773 4 [0.5208361  0.10247248 0.09877277 0.01753854]
774 5 [0.28488946 0.14744195 0.11044167 0.01428588 0.01367061]
775 5 [0.22873308 0.18017529 0.05791877 0.02420856 0.02086738]
776 6 [0.2233806  0.14653268 0.02265973 0.02206368 0.01570791 0.01135086]
777 5 [0.2314141  0.1591198  0.02686651 0.02199053 0.01844482]
778 6 [0.27531004 0.18370093 0.02175337 0.01994904 0.01339101 0.0128202 ]
779 5 [0.25793433 0.17073841 0.01594745 0.01349768 0.01239744]
780 5 [0.25667402 0.2526467  0.02363049 0.02284775 0.02221055]
781 5 [0.2580947  0.25146362 0.02098669 0.01936308 0.01255557]
782 5 [0.2576361  0.23843287 0.02473892 0.01942798 0.01340651]
783 4 [0.28186262 0.2407752  0.02346553 0.01428532]
784 4 [0.33429834 0.13655503 0.02260922 0.0218806 ]
785 3 [0.39810258 0.22931328 0.02639682]
786 3 [0.32599148 0.18442325 0.02374263]
787 2 [0.34234333 0.04939171]
788 2 [0.3576594  0.04229854]
789 2 [0.4438077  0.03195599]
790 2 [0.5514673  0.01035156]
791 1 [0.65020144]
792 3 [0.29713657 0.12002478 0.01303607]
793 2 [0.42769736 0.10568841]
794 2 [0.43961996 0.25170726]
795 3 [0.32135746 0.2285748  0.01286939]
796 3 [0.33194464 0.1687524  0.01266863]
