1 1 [0.61423564]
2 1 [0.548982]
3 2 [0.5802268  0.09145666]
4 3 [0.42838073 0.2975232  0.10968706]
5 3 [0.5770249  0.16119531 0.09505718]
6 3 [0.32264856 0.1982462  0.1621099 ]
7 3 [0.27463862 0.26998663 0.17144056 0.04666683]
8 3 [0.5090474  0.20111454 0.15808362]
9 2 [0.4817172  0.21786568]
10 3 [0.38752684 0.22688632 0.12678021]
11 2 [0.5256284  0.12543923]
12 3 [0.362113   0.16862    0.07183481]
13 2 [0.35147393 0.07098524 0.04657148 0.01371268]
14 3 [0.26985162 0.20217815 0.0153268 ]
15 3 [0.5198072  0.23501505]
16 3 [0.43580246 0.3053233  0.0361669 ]
17 3 [0.23920217 0.21455854 0.1102447  0.02943235]
18 3 [0.394569   0.25469205 0.08104141]
19 3 [0.3970471  0.2111574  0.16287881]
20 4 [0.4074718  0.18415153 0.16226156 0.01168324]
21 3 [0.3162747  0.27614424 0.17306128]
22 3 [0.38962242 0.38824317 0.10294275]
23 3 [0.628404   0.10669753 0.03144625]
24 3 [0.50154865 0.25159085 0.04538761]
25 3 [0.6787504  0.08345117 0.06953254]
26 2 [0.4903322  0.14671613]
27 1 [0.10820655 0.0198052 ]
28 0 [0.18665867]
29 0 []
30 0 [0.01003419]
31 0 [0.01230303]
32 1 [0.5891084]
33 1 [0.6312842]
34 1 [0.79311055]
35 1 [0.6282649  0.01442548]
36 1 [0.5519598]
37 1 [0.54402614]
38 1 [0.57469726]
39 1 [0.6045186]
40 1 [0.60846084]
41 1 [0.5604656]
42 1 [0.7638337]
43 1 [0.6573087  0.01530452]
44 1 [0.34528783 0.01175115]
45 2 [0.3413281  0.18762736 0.01070671]
46 2 [0.41738525 0.33804303]
47 2 [0.5781898  0.27393216]
48 2 [0.6710313  0.20394465]
49 2 [0.43733716 0.29699528 0.06213583]
50 3 [0.35817966 0.24502185 0.1540048 ]
51 3 [0.43039206 0.17772967 0.13979775]
52 3 [0.48790506 0.26571625 0.03778547]
53 3 [0.4763732  0.27853274 0.04259497 0.01159475]
54 3 [0.31921238 0.20981868 0.18880162 0.02320995 0.01586434]
55 3 [0.3634851  0.2741999  0.22441074]
56 3 [0.4348472  0.23361166 0.18103562]
57 3 [0.3521906  0.22830082 0.20109698]
58 3 [0.43371642 0.21574232 0.19373795]
59 3 [0.52008075 0.20540738 0.13599055]
60 4 [0.38956016 0.19314094 0.15907466 0.13374545]
61 4 [0.27209893 0.22397247 0.21797714 0.13551517]
62 4 [0.38841802 0.18694735 0.18008633 0.11635517 0.01752675]
63 6 [0.40527612 0.14358506 0.13594133 0.11195583 0.01744581 0.01497119]
64 4 [0.4104102  0.34252766 0.09025439 0.04192036]
65 4 [0.619329   0.18900701]
66 4 [0.52898264 0.17974915]
67 4 [0.4482271  0.20040451 0.13182446]
68 4 [0.54000324 0.13008444 0.12566003]
69 4 [0.45399603 0.15457827 0.1354835  0.08211955]
70 4 [0.32962158 0.3019647  0.12290095 0.0524662 ]
71 4 [0.38561594 0.1572265  0.11732531 0.08026773]
72 5 [0.32494262 0.20297721 0.18124221 0.06013632 0.01190255]
73 4 [0.2961436  0.15286842 0.09537262 0.0116723 ]
74 4 [0.37885103 0.20195071 0.11755385 0.06360564]
75 4 [0.3629413  0.24774048 0.0714028  0.0614904 ]
76 4 [0.21713383 0.16444881 0.1255768  0.01047587]
77 4 [0.32381603 0.1531984  0.14360857]
78 4 [0.15562458 0.14448509 0.04294293 0.02892308 0.01082428]
79 4 [0.19858605 0.19041863 0.13850568]
80 4 [0.43811652 0.10437899 0.09894731 0.04289342]
81 4 [0.22581485 0.18733737 0.06563141 0.01716674]
82 4 [0.21105115 0.12619284 0.1072926  0.02460466]
83 4 [0.3089     0.14280966 0.10628457 0.07498671]
84 4 [0.22713225 0.14429213 0.10359945 0.01015623]
85 4 [0.24414565 0.22210504 0.16706601 0.01231921]
86 4 [0.23087822 0.15988645 0.12116544 0.0124384  0.01041072]
87 4 [0.24813433 0.13279763 0.01876741]
88 4 [0.20219211 0.17046265 0.08659048]
89 4 [0.25620195 0.12938641 0.09980144 0.02077515]
90 4 [0.53141207 0.14389455 0.03553287]
91 4 [0.3940815  0.18937889 0.14704418]
92 4 [0.3889669  0.1740033  0.14313325]
93 4 [0.5482706  0.11745241 0.09603668]
94 4 [0.32772157 0.1714235  0.15759683]
95 4 [0.4170202  0.14755252 0.10760843 0.01004402]
96 4 [0.48416114 0.13914749 0.08185954]
97 5 [0.32369965 0.16308907 0.12707508 0.03079111 0.01065333]
98 4 [0.41298494 0.12856494 0.11006762]
99 3 [0.27086216 0.25631472]
100 3 [0.291788   0.18991627]
101 4 [0.24922623 0.23805374 0.01093672]
102 4 [0.43905795 0.23105098 0.11174761]
103 4 [0.47498336 0.21899486 0.05901088]
104 4 [0.5544127  0.13436827]
105 4 [0.2930288  0.2284473  0.13606943]
106 4 [0.42042497 0.14107603 0.11384279]
107 4 [0.48133212 0.14139919 0.01619314 0.01139371]
108 4 [0.4398346  0.1550142  0.01759372]
109 4 [0.64859813 0.11164597 0.06644758 0.01276292]
110 4 [0.2764373  0.25551075 0.13352045 0.11108591]
111 4 [0.5628998  0.21760371 0.09200117 0.02497862]
112 4 [0.4653111  0.15682565 0.15309288 0.03896394]
113 3 [0.48536512 0.1768181  0.13881364]
114 3 [0.7486359  0.07698376]
115 3 [0.32492957 0.13531129 0.12176228]
116 3 [0.41939333 0.23730165 0.15323384]
117 3 [0.5976347  0.27952626 0.01177955]
118 3 [0.26141948 0.249484   0.17517355 0.03383784 0.01124429]
119 3 [0.3824957  0.21183735 0.19266136 0.0104118 ]
120 3 [0.30583623 0.19997916 0.19220814]
121 3 [0.3759515  0.2654507  0.133031   0.02124667]
122 3 [0.35731056 0.29600075 0.1903727  0.01489089]
123 3 [0.36039793 0.25356895 0.20235182]
124 3 [0.47784957 0.29877308 0.01580571]
125 3 [0.21053046 0.15876676 0.1100918 ]
126 3 [0.5721214  0.14882268]
127 3 [0.18358971 0.17281416 0.06866938 0.02034946 0.01308268]
128 3 [0.4990649  0.10978867 0.08219628 0.04681253]
129 3 [0.5682421  0.22163747]
130 3 [0.5115415  0.21476257 0.01176483]
131 3 [0.4326243  0.33313575]
132 3 [0.21370885 0.16390736 0.10237276]
133 3 [0.3593231  0.3011502  0.19326077]
134 3 [0.34243745 0.30834952 0.20443077]
135 3 [0.3240011  0.25524962 0.2212762  0.02933774]
136 3 [0.48218915 0.14508358 0.10546076 0.01596753]
137 3 [0.4559734  0.25090113 0.08758046]
138 3 [0.46613556 0.12438748 0.10591286]
139 3 [0.44483274 0.16009146 0.12765303]
140 3 [0.3983987  0.2160589  0.19582015]
141 3 [0.44985095 0.22248647 0.05504151]
142 3 [0.5093885  0.24574438 0.09088607]
143 3 [0.53981185 0.14404848 0.03909273]
144 2 [0.5386932  0.18272081 0.08781697]
145 2 [0.51293415 0.37527817 0.01283762]
146 2 [0.5318994  0.26639307 0.02336182]
147 2 [0.36181247 0.14714861]
148 2 [0.67076796 0.21774548]
149 2 [0.5908788  0.23573188]
150 2 [0.61735016 0.19681385]
151 2 [0.3958684  0.25533468]
152 2 [0.451443   0.39185667]
153 2 [0.5261733  0.19027975]
154 2 [0.42325902 0.3923487 ]
155 1 [0.6595752  0.01117719]
156 1 [0.62714475]
157 1 [0.3518265  0.01240692 0.01032377]
158 0 [0.27379775 0.01293252]
159 0 [0.11292868 0.01524353]
160 0 [0.0650667  0.01362186]
161 0 [0.18788154 0.04941805 0.01054962]
162 1 [0.29271263 0.2837382  0.01051176]
163 1 [0.56725335]
164 1 [0.37857383 0.112329  ]
165 0 [0.2761066  0.0371977  0.01571272]
166 0 [0.01591479]
167 0 [0.01458959 0.01064401]
168 0 [0.05651533 0.01535424]
169 0 [0.2738541  0.02998125 0.01250478 0.01068379]
170 1 [0.42564186 0.18597168]
171 2 [0.3994983  0.37557054 0.01408929]
172 2 [0.38995206 0.22872877 0.18221985 0.03076763]
173 4 [0.27424383 0.22475706 0.21217199 0.14982505]
174 4 [0.31736892 0.2786992  0.14819278 0.07741363]
175 4 [0.29791358 0.21431938 0.18883629 0.05399222 0.02023632]
176 4 [0.36422324 0.22843157 0.15328418 0.05667742 0.03477546]
177 4 [0.5895371  0.09954133 0.02233174 0.01008361]
178 4 [0.28714406 0.1979345  0.02070758 0.01072313]
179 4 [0.35676306 0.27361017 0.05888591]
180 4 [0.4530125  0.11618013 0.08532073 0.03839491]
181 4 [0.19959864 0.18143004 0.16538031 0.08786139]
182 4 [0.35717976 0.2365409  0.09313092 0.02844855 0.01024528]
183 4 [0.3075852  0.20637852 0.1680349  0.11490973]
184 4 [0.46021482 0.18741189 0.14179873 0.02040274]
185 4 [0.43934545 0.18344446 0.11826147 0.04814949]
186 4 [0.5323244  0.13918343 0.11277504 0.07418612]
187 4 [0.45114908 0.29079038 0.05041658 0.03594105]
188 4 [0.47708794 0.14602038 0.10097145 0.07022841]
189 4 [0.52729326 0.12602118 0.11434073 0.08281365]
190 4 [0.29378054 0.21833561 0.1431615  0.10577668]
191 4 [0.37521803 0.29505965 0.14659534 0.06835809]
192 4 [0.3504757  0.3058637  0.14022304 0.02340022]
193 4 [0.39938462 0.22626957 0.16140705 0.05475003]
194 4 [0.57570124 0.11046955 0.06311722 0.05973505]
195 4 [0.4959486  0.15012652 0.11216395 0.06109365]
196 4 [0.30938056 0.2497396  0.19444638 0.03975722]
197 4 [0.34686074 0.26167795 0.19519348 0.0143635 ]
198 4 [0.42959642 0.25696582 0.13669148 0.0467777 ]
199 4 [0.29417264 0.21909557 0.14291589 0.09663314]
200 4 [0.24249078 0.21881002 0.18429306 0.14387622 0.01346064]
201 4 [0.3066118  0.18359813 0.12347072 0.07363228]
202 3 [0.46647838 0.26597658 0.09750308]
203 3 [0.4300773  0.06713037 0.04794919 0.01253741]
204 4 [0.41585934 0.21949114 0.14748   ]
205 4 [0.3602933  0.18108393 0.10197251 0.07305537]
206 4 [0.25722644 0.24503262 0.1128111  0.05820806]
207 4 [0.39316642 0.20962746 0.18617254 0.08199361]
208 4 [0.4291288  0.3356049  0.04717878 0.04555827]
209 4 [0.32076544 0.18761264 0.1245655  0.10454895]
210 4 [0.37078318 0.30157295 0.13502796 0.09345891]
211 4 [0.40714693 0.16042633 0.11869755 0.11642677]
212 4 [0.30664146 0.22415528 0.14964442 0.12906002]
213 3 [0.40578943 0.25988784 0.09644665]
214 3 [0.44228262 0.23735783 0.12063127]
215 3 [0.442593   0.20648131 0.11351303]
216 3 [0.36782128 0.2776691  0.21023233]
217 3 [0.3977249  0.25186357 0.12703095]
218 3 [0.3145485  0.30505013 0.16387281]
219 3 [0.41521817 0.21759695 0.12246601]
220 3 [0.37667716 0.276258   0.0983432 ]
221 3 [0.4226852  0.2741271  0.19546984]
222 3 [0.36005577 0.35263836 0.1777636 ]
223 3 [0.35252735 0.2959254  0.20681651]
224 3 [0.41238764 0.25991157 0.21278821]
225 3 [0.47388762 0.24131902 0.16989855]
226 3 [0.41917056 0.2380923  0.22546586]
227 3 [0.3825704  0.26301175 0.22676554]
228 3 [0.3014386  0.27737704 0.27584046]
229 3 [0.32823694 0.2988631  0.23019962]
230 3 [0.46170178 0.23833258 0.18870597 0.01077494]
231 3 [0.35689807 0.2884022  0.21900353]
232 3 [0.3849552  0.29027268 0.21477036]
233 3 [0.33313322 0.31700668 0.22184782]
234 3 [0.3309337  0.2846515  0.2371649  0.01005284]
235 3 [0.31791633 0.2785156  0.22676438 0.01048133]
236 3 [0.30590925 0.2960788  0.22587945]
237 3 [0.43475527 0.20577082 0.20452312]
238 3 [0.47460017 0.2620291  0.17838433]
239 3 [0.4047202  0.37034327 0.12399168]
240 3 [0.6166258  0.12576868 0.0652874 ]
241 3 [0.5985443  0.14212361 0.12632674]
242 3 [0.29154313 0.27900913 0.2621932 ]
243 3 [0.5437032  0.18317935 0.16162375]
244 3 [0.49683064 0.2824617  0.09575889]
245 4 [0.42467472 0.24035424 0.13821219 0.01133468]
246 3 [0.4060108  0.24453449 0.20314892]
247 3 [0.48316994 0.25804043 0.15469667]
248 4 [0.3715056  0.30946591 0.18716815 0.01203871]
249 4 [0.4495516  0.19740471 0.10752793 0.0124913 ]
250 4 [0.42924953 0.26995057 0.07638471 0.02113843]
251 3 [0.34474862 0.30537996 0.10731939]
252 3 [0.30663568 0.27768245 0.23972413]
253 3 [0.5345119  0.15690541 0.09643362]
254 3 [0.4873934  0.18671016 0.11615723]
255 2 [0.5189258  0.09197512 0.02951776 0.02621765]
256 1 [0.8891087]
257 1[0.6299047  0.04043617]
258 1 [0.5175779  0.03901346]
259 0[0.09150195 0.05862533]
260 0 [0.09922922 0.01405739]
261 0 [0.08878602 0.03271449]
262 1 [0.49814487 0.03495872]
263 1 [0.38678437 0.13773891 0.03691136 0.01763149]
264 1 [0.4845625  0.03762535 0.01854391]
265 1 [0.23943615 0.06803086 0.0549166  0.01728137]
266 1 [0.8494861]
267 1 [0.4729068  0.03937817 0.02990723]
268 1 [0.6302581  0.02188165 0.01277096]
269 1 [0.56750774 0.03596959 0.01104338]
270 1 [0.17467263 0.04799834 0.02069402]
271 1 [0.39591765 0.02976946 0.01057889]
272 1 [0.2793407  0.05666628 0.01295685 0.01209107]
273 1 [0.35070428 0.04608205 0.02218033]
274 1 [0.6358033  0.05022148 0.02179041 0.01140973]
275 1 [0.5204835  0.0335738  0.01116555]
276 1 [0.51413447 0.21959291]
277 1 [0.37854487 0.104899   0.02840902 0.01114936]
278 2 [0.45878908 0.30242434 0.04229676]
279 2 [0.41986075 0.27231196 0.0188917  0.01578365 0.01376519]
280 2 [0.42066175 0.41969407]
281 2 [0.27978113 0.27670664 0.24423912 0.0119327 ]
282 3[0.28478715 0.27269065 0.22541434 0.03736147 0.01250655]
283 4 [0.42074022 0.2450122  0.18677926 0.01053586]
284 4 [0.27891153 0.23965795 0.12301119 0.05179122 0.01502817]
285 4 [0.47902927 0.19915847 0.1893602  0.03703512]
286 4 [0.23506711 0.22678025 0.18833098 0.18642384]
287 4 [0.45374408 0.15533379 0.11253414 0.06290313]
288 4 [0.31498018 0.22145566 0.12128533 0.09996106 0.01327182]
289 4 [0.4603986  0.18583699 0.06911695 0.03429931 0.01155577]
290 3 [0.45070925 0.15931402 0.1430897  0.01357674]
291 3 [0.32756567 0.2908424  0.20241779 0.01598442]
292 3 [0.43232235 0.20135087 0.15896684]
293 3 [0.45549524 0.1902418  0.04101174 0.01322852]
294 3 [0.47578424 0.12968892 0.0512365  0.02389692 0.01761929 0.01577091]
295 3 [0.53358793 0.19249445 0.02278692 0.01069682]
296 3 [0.53201205 0.17969899 0.0209309 ]
297 3 [0.40566912 0.34877557 0.02018135]
298 3 [0.5154872  0.23647326 0.01522558 0.01008435]
299 3 [0.531527   0.09811191 0.02534978 0.01791004 0.01651577]
300 3 [0.57388604 0.06718512 0.02122182 0.0160206 ]
301 2 [0.57210076 0.09206047 0.04271375 0.02298956]
302 3 [0.51035786 0.08279976 0.02422105]
303 2 [0.60730714 0.03048182 0.02269156]
304 2 [0.25183162 0.25114617 0.04048413]
305 2 [0.62096345 0.04323306 0.02635417]
306 2 [0.39935195 0.25544304 0.02251076]
307 2 [0.3644947  0.35132545 0.01718606]
308 3 [0.49047232 0.19622934 0.01675071]
309 3 [0.45222977 0.22030714 0.01635147]
310 3 [0.47284698 0.30297232 0.01284137]
311 3 [0.39390185 0.3897472  0.01469689]
312 3 [0.43032485 0.18552539 0.1778312  0.01545709]
313 3 [0.4333584  0.17948139 0.1536647  0.01916135]
314 3 [0.43209612 0.22524881 0.09930461 0.01219586]
315 3 [0.6147284  0.1699942  0.01550404]
316 3 [0.5462323  0.16783294 0.08387091 0.01447189]
317 3 [0.39401472 0.29024646 0.02015418]
318 4 [0.5058937  0.15385702 0.02414653 0.02329552 0.01704124 0.01164241]
319 4 [0.41180116 0.1681621  0.02290376 0.02118336 0.02022306]
320 3 [0.3884314  0.17934723 0.02899284 0.01848965]
321 3 [0.23899783 0.18453945 0.03737454 0.03212298]
322 4 [0.3991329  0.29702505 0.01831412 0.01429216]
323 3 [0.4568434  0.1919451  0.03708021 0.01229188]
324 3 [0.29924405 0.22159237 0.04171849 0.01550713]
325 3 [0.3320739  0.22097044 0.03826659 0.02642218 0.02304945]
326 4 [0.44844007 0.15087987 0.03493041 0.01408911]
327 3 [0.44935483 0.173553   0.0256532  0.02117388]
328 3 [0.4911153  0.12330246 0.02812474 0.01355145 0.01007036]
329 3 [0.5130426  0.03946996 0.01883867 0.01228592 0.01157693]
330 3 [0.4237549  0.28354877 0.02086681]
331 4 [0.34476477 0.32930908 0.17885195 0.01171389]
332 4 [0.31231692 0.23660171 0.19593693 0.05969929 0.01598783]
333 4 [0.29967815 0.20615038 0.18950891 0.14095032]
334 4 [0.2642332  0.23384315 0.2195597  0.1242563  0.01759948]
335 4 [0.29848307 0.18714719 0.17461269 0.09934042 0.01431192]
336 4 [0.37500024 0.27207977 0.12968488 0.02221872]
337 4 [0.37282264 0.28349182 0.1498007  0.01818246]
338 4 [0.35884023 0.31331167 0.13134557 0.01980106]
339 4 [0.31199992 0.28796747 0.25761753 0.01511416]
340 4 [0.30016956 0.29374918 0.21177731 0.0344598 ]
341 4 [0.27467132 0.23312265 0.21540958 0.14820807]
342 4 [0.38073704 0.30848718 0.06701718 0.01992249 0.01319731]
343 4 [0.4008171  0.33156255 0.07583193 0.01162072]
344 4 [0.35578966 0.3505361  0.0751292  0.02047955]
345 4 [0.35195878 0.28113836 0.19069602 0.01642525]
346 4 [0.37386733 0.28857586 0.1317469  0.02472325]
347 4 [0.35613757 0.32840076 0.12406339 0.0108667 ]
348 4 [0.30801752 0.29596964 0.16309018 0.01586626]
349 4 [0.34529826 0.17682676 0.07069141 0.01894186]
350 4 [0.3690498  0.23315825 0.15908617 0.04702655 0.0226483 ]
351 4 [0.48812604 0.21998091 0.10801262 0.01525363 0.01330991]
352 4 [0.3484326  0.28716797 0.24485387]
353 4 [0.43589675 0.28351414 0.1254482 ]
354 4 [0.34324205 0.32476282 0.14360857 0.01364364]
355 4 [0.32153448 0.26496774 0.25467342 0.01055775]
356 4 [0.31986514 0.31173784 0.194381   0.01282354]
357 4 [0.34620515 0.266249   0.24020983 0.01291294]
358 4 [0.34250432 0.3274161  0.1866931 ]
359 4 [0.3100064  0.2956955  0.28387716]
360 4 [0.39038128 0.27024782 0.2154589 ]
361 4 [0.3145759  0.27344337 0.2229111  0.01094339]
362 4 [0.3631051  0.30256304 0.20513207]
363 4[0.39230156 0.330806   0.14055955]
364 4 [0.3611555  0.31764337 0.20401014 0.01178598]
365 4 [0.3188311  0.31620243 0.2441343  0.01150887]
366 3 [0.3325599  0.2780036  0.27198577]
367 4 [0.35438606 0.31874385 0.2015192  0.01124684]
368 4 [0.33494315 0.29512164 0.2502677 ]
369 4 [0.3558475  0.33962184 0.15881751 0.01522394]
370 4 [0.40548944 0.21873796 0.20524819 0.01414653]
371 4 [0.3538164  0.26583746 0.2408349  0.01361314]
372 4 [0.29579413 0.20818803 0.20317478 0.18456542]
373 5 [0.29205257 0.26006564 0.18084899 0.14757578]
374 5 [0.30232856 0.2582068  0.22249058 0.12198299]
375 5 [0.44071898 0.22586931 0.13604403 0.01690451 0.01413544]
376 5 [0.5183001  0.16254576 0.1544949  0.01168775]
377 5 [0.5194502  0.26421297 0.0138736 ]
378 5 [0.4254287  0.39388147 0.03016538]
379 5 [0.4479682  0.39289352 0.02409622 0.01190007]
380 5 [0.4410842  0.3881013  0.0203104  0.01138214 0.0103729 ]
381 5 [0.45684698 0.38237393 0.01548417 0.01061254]
382 5 [0.44251096 0.38818532 0.04298303 0.01095581]
383 5 [0.4211524  0.40755427 0.03551534 0.01124925]
384 5 [0.43266267 0.4249417  0.01014964]
385 5 [0.505597   0.1748174  0.13278508]
386 5 [0.42965966 0.29605561 0.05731181 0.04487749 0.01058907]
387 5 [0.32352158 0.14444888 0.13427947 0.1178959  0.02844945 0.0242668 0.0167239 ]
388 5 [0.44392353 0.17872953 0.08276192 0.03698042 0.01339493 0.01114364]
389 5 [0.44512054 0.11854292 0.09981401 0.04805193 0.02637063 0.01361572]
390 5 [0.5099012  0.16315453 0.06794647 0.0309921  0.01778273]
391 5 [0.4892096  0.22786577 0.07081487 0.01987005 0.01027695]
392 5 [0.39542335 0.2719888  0.1094251  0.03080839 0.02173263]
393 5 [0.49700868 0.18497689 0.04621711 0.03479501 0.01392671]
394 5 [0.45434287 0.21063077 0.03783187 0.0355073  0.01902707]
395 5 [0.42195266 0.21736716 0.05961014 0.03294395 0.02298571 0.01605237]
396 5 [0.42849275 0.18404321 0.15226233 0.02759633 0.01275354]
397 5 [0.39434308 0.19782615 0.04476857 0.02786574 0.01235621]
398 5 [0.4250157  0.17115234 0.09532201 0.05728928 0.01460962 0.01069995]
399 5 [0.39411864 0.20276521 0.12525153 0.03354756 0.0205105 ]
400 5 [0.46184763 0.17146209 0.14584523 0.01304191]
401 5 [0.44611666 0.20921294 0.09295475 0.01309032 0.01170354]
402 5 [0.39007205 0.2178826  0.13379304 0.01687177]
403 5 [0.35932577 0.27394587 0.13595542 0.01728899]
404 5 [0.41425043 0.24908228 0.08210274 0.01743556]
405 5 [0.39102992 0.24687022 0.09964618 0.02605845 0.01600466 0.01147182]
406 5 [0.37692556 0.2916499  0.10091053 0.02103285]
407 5 [0.372878   0.24948722 0.08913477 0.04344227 0.01484737]
408 5 [0.3785155  0.26642218 0.09495591 0.01638242]
409 5 [0.4471642  0.26622874 0.07075917 0.01432622]
410 5 [0.3256149  0.3162854  0.18628496 0.0172984 ]
411 5 [0.46417913 0.15279832 0.13221303 0.02745533 0.01147219]
412 5 [0.52303374 0.18374303 0.04488621 0.01875626]
413 5 [0.53595006 0.13733858 0.04916944 0.01525859]
414 5 [0.52444017 0.14294887 0.04983507 0.03018381 0.01216719]
415 5 [0.46764842 0.12704834 0.09669407 0.0445844 ]
416 5 [0.57863504 0.09253949 0.04668605 0.03472117]
417 5 [0.56938237 0.10335946 0.05208141 0.02764252 0.01209542]
418 5 [0.5829774  0.12694238 0.03893098 0.03413888]
419 5 [0.49992698 0.18534426 0.10250115 0.01792574 0.01507587]
420 5 [0.4884182  0.16754292 0.13158523 0.01798002]
421 5 [0.5409223  0.13543145 0.0931826  0.01774876]
422 5 [0.5173303  0.15083078 0.12293021 0.01970115]
423 5 [0.5289858  0.1314168  0.12507708 0.01672128]
424 5 [0.5139929  0.17950939 0.11571691 0.01490502]
425 5 [0.48467597 0.17938024 0.12591636 0.01644064]
426 5 [0.5686996  0.12669833 0.09939654 0.01781296]
427 5[0.5226903  0.14924243 0.11673991 0.02043395]
428 5 [0.5877     0.11205076 0.08151869 0.01710675]
429 5 [0.37926343 0.2802309  0.09931775 0.02822877]
430 5 [0.40443125 0.12981999 0.08122212 0.02912742]
431 5 [0.42141137 0.14186932 0.06047407 0.04532317]
432 5 [0.39365157 0.10809273 0.05917763 0.01840501]
433 5 [0.4976745  0.1218052  0.02607566 0.01194818]
434 5 [0.5619491  0.07659419 0.02737008 0.02332833 0.01239904]
435 5 [0.49687397 0.14418429 0.08798616 0.02709389]
436 5 [0.3710731  0.30100322 0.04365605 0.02268561 0.01363417]
437 5 [0.3114475  0.12870878 0.09507131 0.07711778 0.02223435 0.01067348]
438 5 [0.4768901  0.17640196 0.05853766 0.02132727 0.01411588]
439 5 [0.2538863  0.18439935 0.13444637 0.08895423 0.04626838 0.01159724]
440 5 [0.25497454 0.25282747 0.10774191 0.07329099 0.05843671 0.01923634]
441 5 [0.30786455 0.17203373 0.08790776 0.06362949 0.05824451 0.02528852]
442 5 [0.3920434  0.1268492  0.08444279 0.08370697 0.0189115 ]
443 5 [0.40980026 0.25677216 0.05552318 0.05183034 0.0220311  0.01356121]
444 5 [0.59668475 0.14578055 0.03654442 0.02753812 0.02484873 0.02437665]
445 5 [0.38734984 0.28676483 0.0453711  0.03804511 0.02216767]
446 5 [0.33169684 0.2814633  0.06324212 0.05511569 0.02382918 0.01010224]
447 5 [0.37301633 0.27353328 0.05419984 0.04185807 0.01850279 0.01430184]
448 6 [0.42153284 0.16236658 0.06489806 0.06080994 0.02808125 0.0111369 ]
449 5 [0.4868683  0.10937171 0.07223557 0.054172   0.01675184]
450 5 [0.40300936 0.3046063  0.04442452 0.01446302 0.01389005]
451 5 [0.41052535 0.29905415 0.06356974 0.02244691 0.01249272]
452 5 [0.3674493  0.30465308 0.06052689 0.03709242 0.02587054]
453 5 [0.50526476 0.16360822 0.06889208 0.01775146]
454 4 [0.54595786 0.09648453 0.07004995 0.0306923 ]
455 5 [0.35915285 0.34907743 0.05131375 0.02857023 0.01872947]
456 4[0.35427517 0.276506   0.07503278 0.04083673 0.03242644 0.01157673]
457 4 [0.3599999  0.2001771  0.126697   0.04581302 0.01858592]
458 6 [0.37003595 0.16803116 0.14345558 0.03558397 0.01704823 0.01338376]
459 6 [0.38360313 0.23969457 0.06827764 0.02922638 0.02542694 0.01019555]
460 6 [0.3858655  0.22556585 0.05693772 0.05497044 0.01469689 0.01018727]
461 5 [0.50006306 0.15380956 0.0826502  0.02710492 0.02249568]
462 5 [0.48452777 0.15209217 0.09150973 0.0364429  0.02117749]
463 6 [0.25364324 0.1712906  0.12471602 0.06285794 0.04070837 0.0320777 ]
464 6 [0.35242817 0.1653682  0.12298564 0.03722367 0.03125219 0.01709368]
465 6 [0.2818415  0.2719735  0.10492014 0.04560421 0.02113142 0.01407753]
466 5 [0.45441294 0.1740044  0.08223699 0.03737205 0.02777614]
467 6 [0.411237   0.18395804 0.17277443 0.03260705 0.01474789 0.01045231]
468 6 [0.43184313 0.16552518 0.14769773 0.03420367 0.01948665 0.01618711]
469 5 [0.46568295 0.19090386 0.1215699  0.02063962 0.01705848]
470 5 [0.44927064 0.18020852 0.14430541 0.03011766 0.01745058]
471 5 [0.44584394 0.16881569 0.14213951 0.02857017 0.01912429]
472 5 [0.4650417  0.1819546  0.11820527 0.02279297 0.02202945]
473 6 [0.3027315  0.24458812 0.20101118 0.02191632 0.01822874 0.01740925]
474 6 [0.27850288 0.25528836 0.24521661 0.02733444 0.01414096 0.01188246]
475 5 [0.35153994 0.24769498 0.17555547 0.02091902 0.01150874]
476 5 [0.2993194  0.2824434  0.20164475 0.02689874 0.01871565]
477 5 [0.30490413 0.2602398  0.18840809 0.0571021  0.02873961]
478 4 [0.2836551  0.28056505 0.23319308 0.03003516]
479 4 [0.29342997 0.28520727 0.24357131 0.03460168]
480 4 [0.27959195 0.27518427 0.25747135 0.04715455]
481 4 [0.29954714 0.26729262 0.24314371 0.04321217]
482 5 [0.3484059  0.24631266 0.17445126 0.05163762 0.01007579]
483 5 [0.29256913 0.2723669  0.21232083 0.046788   0.01586307]
484 5 [0.33390647 0.29817477 0.10010924 0.04006238 0.02152577]
485 4 [0.32391036 0.24516615 0.23140012 0.02100807]
486 5 [0.33211005 0.30200142 0.12163632 0.05030465 0.02051784]
487 5 [0.32893834 0.25252333 0.19442162 0.05521395 0.01947311]
488 4 [0.28444836 0.26614532 0.23718715 0.0581429 ]
489 6 [0.2864311  0.24904202 0.2348859  0.04134164 0.03357551 0.01236415]
490 6 [0.32640812 0.24436267 0.21690096 0.03101211 0.02210654 0.01313434]
491 6 [0.28264213 0.2500826  0.235387   0.03514961 0.02248391 0.01537525]
492 6 [0.28884855 0.269689   0.13044125 0.07502826 0.04094053 0.01337383]
493 6 [0.28078005 0.23639101 0.2263401  0.04976007 0.01633114 0.01284048]
494 6 [0.28930113 0.2569619  0.19353402 0.05430478 0.01637389 0.01577197]
495 5 [0.31655172 0.21468624 0.20686567 0.03676496 0.02348037]
496 5 [0.34518278 0.23191056 0.19080399 0.02051979 0.01157954]
497 4 [0.3619217  0.2358045  0.18193802 0.01876184]
498 5 [0.37690857 0.19919068 0.19442089 0.02060488 0.01365902]
499 5 [0.35835686 0.20784864 0.192038   0.03579383 0.02094121]
500 5 [0.37797937 0.21891609 0.16904765 0.02240711 0.01589196]
501 5 [0.36537254 0.21677004 0.19536105 0.01915638 0.01784001]
502 5 [0.37531215 0.21956989 0.1643297  0.01462179 0.01320578]
503 4 [0.28897175 0.27067924 0.24972028 0.01577117]
504 5 [0.31658262 0.24781111 0.24621797 0.02129593 0.01226718]
505 4 [0.2884742  0.28452095 0.27682033 0.02075843]
506 4 [0.29431415 0.29332036 0.23447019 0.02163592]
507 4 [0.4415     0.28041938 0.13168988 0.02022529]
508 4 [0.5002923  0.29058018 0.11273062 0.01469764]
509 3 [0.54672104 0.19257662 0.15746662]
510 4 [0.6045872  0.18525243 0.06457702 0.01413639]
511 3 [0.562967   0.181661   0.11796643]
512 4 [0.6016415  0.16592528 0.08111674 0.01596267]
513 4 [0.5336585  0.18961778 0.15109345 0.01409845]
514 4 [0.5398732  0.1901677  0.15680496 0.01118699]
515 4 [0.5524046  0.23276581 0.06927665 0.01166086]
516 4 [0.5474854  0.20542356 0.13489355 0.01527744]
517 4 [0.5763812  0.24066873 0.0751254  0.01767053]
518 4 [0.42060077 0.23358986 0.20395291 0.01812851]
519 4 [0.58738244 0.16553645 0.14566824 0.01210743]
520 4 [0.5925703  0.20316689 0.09441342 0.0143928 ]
521 4 [0.46969375 0.2714692  0.13530372 0.01480277]
522 4 [0.48916805 0.28897062 0.09307408 0.01454934]
523 4 [0.5911519  0.20436192 0.10036555 0.01067955]
524 4 [0.5302145  0.19874264 0.16442157 0.01262273]
525 4 [0.53565794 0.18315674 0.17020479 0.01417268]
526 4 [0.5118605  0.19220908 0.18343885 0.01853768]
527 4 [0.5940049  0.17594667 0.10643215 0.0174059 ]
528 4 [0.6179082  0.1812325  0.05300232 0.01481521]
529 3 [0.6086246  0.16866678 0.12152923]
530 3 [0.7282049  0.09948233 0.0697915 ]
531 4 [0.57854897 0.13901626 0.12353087 0.03324254]
532 3 [0.631815   0.17152947 0.08761849]
533 3 [0.53692484 0.21800908 0.1345685 ]
534 4 [0.6430449  0.13681844 0.09960068 0.01013736]
535 3 [0.54518366 0.2174752  0.11731695]
536 3 [0.50725865 0.22036286 0.11512706]
537 3 [0.59064645 0.16206802 0.13443747]
538 3 [0.5863589  0.20142926 0.09724876]
539 3 [0.55837965 0.17048572 0.16964649]
540 4 [0.49517483 0.23320164 0.11426553 0.02557973]
541 4 [0.4730365  0.27114794 0.10001632 0.02120594]
542 4 [0.536235   0.21664114 0.10452699 0.01245767]
543 4 [0.4608167  0.25816834 0.11808354 0.01276527]
544 4 [0.5782539  0.17396864 0.11647965 0.0217859 ]
545 5 [0.5862061  0.15250331 0.10862362 0.03699065 0.01260902]
546 4 [0.5817426  0.19620784 0.08543827 0.03112181]
547 4 [0.6182807  0.16186662 0.0880041  0.03159328]
548 4 [0.5809778  0.2067019  0.07774656 0.03231279]
549 5 [0.58642536 0.21094507 0.0645438  0.02830079 0.01169247]
550 3 [0.5964659  0.2037821  0.08310384]
551 3 [0.6204941  0.1917822  0.08231025]
552 4 [0.5084953  0.27229422 0.096828   0.01204457]
553 4 [0.6172123  0.13295352 0.09072666 0.01041927]
554 4 [0.6360058  0.10597028 0.0970915  0.01109289]
555 4 [0.6252947  0.12184937 0.11104778 0.01109824]
556 3 [0.56331784 0.20088083 0.10737292]
557 3 [0.57533693 0.18114868 0.10984838]
558 4 [0.59477085 0.17111987 0.10908064 0.0100949 ]
559 3 [0.58558494 0.17408127 0.11663196]
560 3 [0.58368236 0.18288305 0.1132855 ]
561 4 [0.5543096  0.21759792 0.10627449 0.01248617]
562 4 [0.5125843  0.23377545 0.14677863 0.0126936 ]
563 3 [0.5291707  0.23085602 0.13485162]
564 4 [0.5235566  0.22874403 0.14683759 0.01251602]
565 3 [0.53816456 0.221645   0.13501312]
566 3 [0.5119352  0.21696079 0.16614768]
567 3 [0.55576265 0.19446912 0.1555827 ]
568 3 [0.448378   0.21640506 0.2149273 ]
569 3 [0.49757448 0.22995085 0.14850345]
570 4 [0.38619265 0.27854958 0.19592102 0.01284242]
571 4 [0.33963302 0.2866039  0.2625359  0.01465295]
572 4 [0.35468036 0.28654736 0.2437014  0.01138273]
573 3 [0.4219732  0.26662904 0.18973725]
574 4 [0.4446148  0.28318307 0.05617995 0.01939653]
575 3 [0.5007764  0.27895954 0.02088576]
576 4 [0.50896674 0.20620516 0.09056149 0.01080945]
577 4 [0.4841849  0.20829001 0.0987998  0.02063724]
578 4 [0.4514534  0.20700249 0.16691172 0.01281778]
579 4 [0.46711302 0.21781197 0.140328   0.0124511 ]
580 4 [0.35394076 0.28408423 0.2024665  0.01312051]
581 4 [0.3485994  0.31135136 0.19848394 0.01196701]
582 4 [0.37233377 0.3322807  0.14043035 0.01057372]
583 4 [0.35556144 0.30586806 0.1764651  0.01566903]
584 4 [0.36175242 0.24924949 0.2221886  0.01058043]
585 4 [0.4053009  0.19165444 0.18938774 0.01895969]
586 4 [0.46246612 0.18591814 0.13356107 0.01638089]
587 4 [0.44237232 0.21452045 0.15295729 0.01399773]
588 4 [0.39418662 0.28975537 0.11627768 0.02107405]
589 4 [0.3861508  0.3352718  0.09494445 0.01768086]
590 4 [0.37699908 0.342782   0.0825155  0.01374389]
591 4 [0.38818607 0.33193594 0.1075232  0.01395626]
592 4 [0.41468114 0.25447568 0.11022708 0.02000723]
593 4 [0.4388446  0.25159934 0.10346855 0.01586928]
594 4 [0.3890724  0.29765174 0.09555429 0.01679034]
595 4 [0.38404572 0.32619238 0.07123834 0.0137785 ]
596 4 [0.53867567 0.2592258  0.05562908 0.01467424]
597 4 [0.30162698 0.293366   0.28470194 0.01110808]
598 3 [0.4847911  0.3277623  0.05906519]
599 4 [0.47745046 0.19321287 0.12595776 0.01430289]
600 3 [0.50730824 0.3047941  0.07302192]
601 3 [0.47412214 0.30269378 0.1127753 ]
602 3 [0.5024146  0.3146341  0.05852327]
603 4 [0.45581016 0.30200854 0.12897174 0.01052137]
604 4 [0.47689757 0.31641838 0.07666627 0.01024558]
605 3 [0.4840185  0.2910187  0.08862847]
606 4 [0.47371972 0.27348036 0.11936112 0.01704607]
607 5 [0.4944343  0.28179297 0.0981943  0.0109657  0.01091534]
608 5 [0.4211065  0.25115016 0.09464366 0.06158518 0.01098576]
609 5 [0.40948066 0.28183806 0.09617429 0.04862763 0.01453251]
610 5 [0.33535793 0.29456866 0.20458145 0.02147554 0.01037264]
611 5 [0.30843255 0.28142434 0.19263397 0.08223457 0.0123114 ]
612 5 [0.37539768 0.28790426 0.08521657 0.05191727 0.01855041]
613 5 [0.39351603 0.2711667  0.11082262 0.06854132 0.01588056]
614 5 [0.39637968 0.30806145 0.06076445 0.05408439 0.0224469 ]
615 5 [0.40515482 0.25494653 0.14784929 0.03905331 0.01299983]
616 5 [0.38528973 0.32352123 0.05603631 0.05391771 0.01392371]
617 5 [0.37147006 0.24381831 0.17847686 0.04125017 0.01907281]
618 5 [0.34195343 0.30917898 0.08081099 0.07341911 0.02129312]
619 5 [0.36710572 0.2580207  0.14617091 0.04735268 0.02321425]
620 5 [0.37719372 0.29712486 0.07689311 0.02197581 0.01895733]
621 4 [0.3547513  0.33607778 0.10187789 0.01583177]
622 4 [0.4032784  0.30555066 0.11557773 0.01766525]
623 4 [0.35457128 0.30012327 0.12238129 0.02356771]
624 4 [0.55348366 0.24344666 0.04469327 0.01449079]
625 4 [0.3801457  0.21996415 0.12935323 0.02633186]
626 4 [0.46377817 0.18773541 0.15315644 0.01713268]
627 4 [0.40072474 0.21298808 0.15624146 0.02439475]
628 4 [0.4198522  0.2627239  0.09989992 0.02310591]
629 4 [0.44549426 0.17549475 0.17080048 0.01968703]
630 4 [0.44328433 0.21936037 0.13734542 0.0199495 ]
631 5 [0.50346935 0.17642693 0.10001126 0.02285954 0.02148916]
632 4 [0.48709682 0.13789071 0.12057969 0.01430169]
633 4 [0.5841227  0.15886053 0.09237176 0.01363041]
634 4 [0.58700114 0.17693345 0.07514317 0.01497874]
635 4 [0.525045   0.15688099 0.15637492 0.0123108 ]
636 5 [0.25502327 0.1937623  0.17535174 0.04155944 0.02812821]
637 5 [0.4721905  0.19236456 0.11993679 0.01571851 0.01561449]
638 5 [0.4437536  0.23402712 0.11523701 0.01347116 0.01046517]
639 5 [0.52492356 0.17928715 0.05714739 0.01823085 0.01052561]
640 4 [0.5788868  0.10449687 0.09449842 0.01877414]
641 4 [0.36606336 0.28937373 0.10853998 0.01377856]
642 4 [0.4727342  0.25466067 0.09071036 0.01443089]
643 4 [0.31082383 0.2919086  0.24613973 0.01545548]
644 4 [0.31256372 0.27984798 0.22455941 0.01737117]
645 4 [0.4061747  0.2678577  0.15794834 0.01844539]
646 3 [0.31740305 0.31012964 0.20310695]
647 4 [0.33375782 0.3158009  0.16854294 0.01152011]
648 4 [0.39700386 0.21100627 0.15253447 0.01718975]
649 4 [0.36868694 0.28138873 0.17998396 0.01219901]
650 4 [0.3578493  0.31192935 0.161587   0.01195061]
651 4 [0.3208408  0.2999853  0.20474689 0.01177615]
652 4 [0.28205085 0.26227736 0.2550023  0.02077754]
653 4 [0.26315397 0.2600166  0.20504081 0.01804052]
654 4 [0.41506377 0.21526685 0.19776447 0.01451975]
655 3 [0.4612456  0.28454372 0.1209053 ]
656 3 [0.4314533  0.29335365 0.14882894]
657 5 [0.43399844 0.330425   0.10438535 0.01069325 0.01035452]
658 3 [0.5098111  0.28829938 0.07529975]
659 4 [0.4057335  0.22410683 0.19903176 0.01376019]
660 5 [0.42602783 0.28660136 0.12207625 0.02782864 0.01048153]
661 4 [0.38960466 0.27631664 0.1531228  0.04472372]
662 5 [0.47172892 0.19280514 0.08387174 0.05851834 0.01394176]
663 5 [0.3447821  0.3364949  0.15928945 0.02010749 0.01253951]
664 5 [0.3727121  0.24713913 0.23430973 0.01841148 0.01376232]
665 4 [0.3714619  0.28403366 0.1977752  0.01730045]
666 5 [0.45835802 0.30569354 0.07147873 0.02368274 0.01009376]
667 5 [0.49388504 0.20814149 0.11438173 0.02190371 0.01609236]
668 4 [0.41675305 0.22377987 0.19306003 0.01140316]
669 4 [0.33719698 0.3250086  0.19920924 0.01066338]
670 4 [0.46309292 0.20296718 0.16427341 0.01207145]
671 5 [0.39345282 0.28769597 0.12174295 0.05354881 0.0118289 ]
672 5 [0.41869575 0.22744283 0.16182983 0.0423423  0.01067601]
673 4 [0.4683349  0.22777677 0.14005391 0.02072325]
674 5 [0.43843558 0.21826994 0.1619248  0.02538627 0.01201207]
675 5 [0.42414507 0.28301507 0.13584937 0.01741358 0.01278793]
676 5 [0.50349104 0.15602878 0.13892026 0.0318735  0.01011175]
677 4 [0.45136288 0.24735416 0.13201654 0.02215133]
678 5 [0.4153931  0.27412114 0.13584651 0.01461441 0.01274481]
679 5 [0.3319907  0.21137488 0.18722786 0.02741629 0.02069196]
680 5 [0.36586985 0.20852868 0.17900126 0.01575025 0.01550333]
681 5 [0.25523224 0.24060905 0.21730591 0.02871857 0.02313273]
682 5 [0.4472912  0.19204016 0.14395489 0.01917253 0.01126222]
683 5 [0.30613288 0.23652641 0.15202945 0.04695512 0.02405779]
684 4 [0.36759207 0.2955332  0.13084324 0.01881187]
685 4 [0.3936739  0.26878172 0.14875223 0.01227526]
686 4 [0.317186   0.25775313 0.07989889 0.0209583 ]
687 3 [0.41885555 0.2813995  0.02148875]
688 4 [0.34433663 0.24294494 0.21355517 0.01753647]
689 4 [0.4433547  0.2628806  0.12646095 0.0125909 ]
690 4 [0.34791118 0.26301765 0.22432756 0.0135247 ]
691 4 [0.3558457  0.32545236 0.16517316 0.01052066]
692 4 [0.49341038 0.29405826 0.08432112 0.01036756]
693 4 [0.41560096 0.33926994 0.11484772 0.0102246 ]
694 3 [0.3141609  0.27788913 0.2769465 ]
695 5 [0.445829   0.26089072 0.11257165 0.01847772 0.01066484]
696 5 [0.44073054 0.3217025  0.03413553 0.01640782 0.01584932]
697 5 [0.4019044  0.34040648 0.09477542 0.01326177 0.01078007]
698 5 [0.4393108  0.31724164 0.10574055 0.0121344  0.01109141]
699 4 [0.4212166  0.24842077 0.18177548 0.01342364]
700 4 [0.4128122  0.3346923  0.08822871 0.01571677]
701 3 [0.3676453  0.31203467 0.19595988]
702 3 [0.46017802 0.3682158  0.01266655]
703 4 [0.38928422 0.29125458 0.18009739 0.01088477]
704 4 [0.4120193  0.25172332 0.19513552 0.01439445]
705 4 [0.44709384 0.2926936  0.10584754 0.01681913]
706 4 [0.4530214  0.27227297 0.12924173 0.01063897]
707 3 [0.3737663  0.32198736 0.17470075]
708 4 [0.39292705 0.34668282 0.10709382 0.0137906 ]
709 4 [0.38564986 0.30530962 0.14744413 0.01477973]
710 4 [0.3779455  0.2773761  0.19630972 0.01001273]
711 4 [0.35794723 0.28346595 0.19964263 0.01306403]
712 5 [0.28961053 0.2382136  0.23107761 0.10302592 0.01494719]
713 4 [0.27179503 0.22287476 0.221083   0.1812144 ]
714 5 [0.34360436 0.30205002 0.12295689 0.10323389 0.01463128]
715 4 [0.38478822 0.15992138 0.15790488 0.13539115]
716 5 [0.45650133 0.16828054 0.12530403 0.09507651 0.01201124]
717 5 [0.52774894 0.12183763 0.10462297 0.0936637  0.01420412]
718 4 [0.5154953  0.16886497 0.15379737 0.01222175]
719 5 [0.51064605 0.19184634 0.13150777 0.01281544 0.01091746]
720 4 [0.34138983 0.30009434 0.22268984 0.01890634]
721 4 [0.63973516 0.17577893 0.02204437 0.01099112]
722 3 [0.5865273  0.15626958 0.05104088]
723 5 [0.54691315 0.19708121 0.06404586 0.01402484 0.01302981]
724 4 [0.4433062  0.27606806 0.05851578 0.0126561 ]
725 5 [0.50870156 0.24184276 0.08725091 0.01236973 0.01088655]
726 3 [0.44742212 0.2070578  0.20132343]
727 4 [0.43063802 0.28725836 0.15779223 0.01172294]
728 4 [0.4460609  0.2711698  0.15112944 0.0153946 ]
729 4 [0.3832407  0.30695608 0.17478858 0.01293238]
730 4 [0.4142511  0.2668872  0.18682446 0.01320748]
731 4 [0.3739348  0.3158772  0.18769926 0.01297664]
732 4 [0.4318696  0.22801898 0.2017566  0.01158797]
733 4 [0.3410371  0.30194908 0.20935917 0.01126103]
734 3 [0.34863335 0.31727645 0.20226113]
735 4 [0.33255345 0.30821657 0.21138555 0.01576281]
736 4 [0.41880187 0.24106967 0.16742331 0.01362837]
737 3 [0.3576031  0.26871654 0.22758965]
738 4 [0.50442594 0.247363   0.06986243 0.01343893]
739 4 [0.47361916 0.27097324 0.07770361 0.01645023]
740 4 [0.43055388 0.26754114 0.12094139 0.01904987]
741 4 [0.42259696 0.27743897 0.12578343 0.01492065]
742 4 [0.45343646 0.25898135 0.1187316  0.01020044]
743 4 [0.42699018 0.26760757 0.1377573  0.01353746]
744 5 [0.39026996 0.27218914 0.16503392 0.01289179 0.01105045]
745 5 [0.39322668 0.29743332 0.10195531 0.01488086 0.01392429]
746 3 [0.41682136 0.27878124 0.1896094 ]
747 5 [0.3168148  0.30042258 0.23190597 0.01823462 0.01143498]
748 5 [0.3437423  0.277178   0.23215798 0.01143824 0.0100484 ]
749 5 [0.35994703 0.27008915 0.22146569 0.01489847 0.0103706 ]
750 5 [0.40503415 0.22014594 0.19129266 0.01276876 0.01065059]
751 5 [0.38365158 0.22618796 0.1825025  0.02974533 0.01890338]
752 5 [0.42316014 0.22828843 0.15323763 0.02485812 0.01450151]
753 5 [0.4176359  0.26197523 0.14206852 0.01493491 0.01171599]
754 4 [0.37019545 0.23951906 0.23179731 0.01175107]
755 4 [0.42256087 0.29290572 0.08961234 0.02343962]
756 4 [0.3362016  0.32473955 0.13639449 0.01943835]
757 4 [0.5148352  0.19253036 0.15825437 0.02791401]
758 4 [0.411024   0.23828775 0.19464862 0.0174082 ]
759 4 [0.31251326 0.25189936 0.12717994 0.02314512]
760 4 [0.5426179  0.16656436 0.15679322 0.01122611]
761 4 [0.38371658 0.21936162 0.21851963 0.01061835]
762 4 [0.34581068 0.24875455 0.20665197 0.01400113]
763 4 [0.5369311  0.17780305 0.15533401 0.0120947 ]
764 3 [0.47703847 0.19606468 0.18098241]
765 4 [0.49714324 0.19111858 0.15750624 0.01138717]
766 5 [0.30022195 0.2932666  0.15300633 0.02449365 0.01998844]
767 5 [0.46106422 0.23289058 0.08897757 0.01642721 0.01198076]
768 3 [0.5693415  0.19796865 0.09687563]
769 3 [0.66050583 0.15918198 0.06343583]
770 4 [0.35143122 0.23529586 0.22966668 0.0176078 ]
771 4 [0.27311614 0.2699161  0.1738048  0.02394876]
772 4 [0.3493676  0.27287227 0.11614747 0.02181703]
773 4 [0.40646163 0.22442523 0.16145869 0.01704431]
774 4 [0.4151567  0.30659503 0.027264   0.01692878]
775 4 [0.3691476  0.23758933 0.19679865 0.02453367]
776 4 [0.368933   0.25419864 0.17022908 0.02195886]
777 4 [0.42861658 0.24720556 0.11187719 0.01668471]
778 4 [0.3301931  0.32977834 0.06421381 0.02661799]
779 4 [0.3505895  0.3478587  0.03476357 0.01842683]
780 4 [0.30910882 0.26508343 0.23036404 0.01715168]
781 4 [0.36016047 0.26619285 0.13627176 0.01728814]
782 4 [0.3815761  0.24300967 0.19011992 0.01779287]
783 4 [0.37758416 0.2629616  0.15051796 0.01637604]
784 5 [0.31008765 0.27523667 0.1774819  0.01547893 0.01358646]
785 4 [0.37188768 0.3358093  0.04158598 0.0227171 ]
786 4 [0.34525478 0.29829958 0.15038496 0.0141724 ]
787 4 [0.31559962 0.22740547 0.22642085 0.02544024]
788 4 [0.34316123 0.2557603  0.15019818 0.01599006]
789 4 [0.32457447 0.22695963 0.1870519  0.0186954 ]
790 4 [0.3328588  0.26130897 0.1512618  0.01187211]
791 4 [0.34819388 0.2116646  0.17922588 0.0242665 ]
792 4 [0.50322795 0.17374134 0.15958127 0.0148711 ]
793 4 [0.34575635 0.3288294  0.15884206 0.01690774]
794 4 [0.31449282 0.3018214  0.20945592 0.01403464]
795 4 [0.35024193 0.31412825 0.11582363 0.01883226]
796 4 [0.28785154 0.28100276 0.26488805 0.01503727]
797 4 [0.3096998  0.28154108 0.21894222 0.01144651]
798 5 [0.29856056 0.29568532 0.20611131 0.01362112 0.01060601]
799 5 [0.33632153 0.2525347  0.18317746 0.02261348 0.01482908]
800 5 [0.33242023 0.28345403 0.1088599  0.05212936 0.01830893]
801 4 [0.37537187 0.2814983  0.16103372 0.01375828]
802 5 [0.30837032 0.2518951  0.18785085 0.02462631 0.01468888]
803 4 [0.36936802 0.21754134 0.2126865  0.0171857 ]
804 4 [0.32054457 0.23949309 0.22002044 0.01729767]
805 4 [0.38664523 0.23263317 0.22987369 0.01422657]
806 5 [0.42488748 0.23021953 0.13465051 0.0173277  0.01381815]
807 4 [0.31826115 0.2496848  0.21926546 0.01286242]
808 5 [0.37547207 0.21346849 0.19134124 0.01764423 0.01744888]
809 4 [0.35388452 0.231602   0.23158191 0.01131997]
810 4 [0.29946712 0.2579604  0.22405653 0.01856939]
811 4 [0.33377433 0.23536131 0.22651392 0.02035703]
812 4 [0.42292523 0.22579503 0.16671015 0.01491024]
813 4 [0.3211919  0.2449124  0.22119491 0.01640468]
814 4 [0.34850574 0.25141707 0.17907462 0.02010772]
815 3 [0.48487628 0.26447633 0.12468547]
816 3 [0.3905802  0.2767764  0.15504289]
817 4 [0.46756458 0.17670085 0.14650609 0.01699882]
818 4 [0.5402332  0.14736429 0.1061824  0.02336179]
819 4 [0.48328608 0.18252467 0.11145163 0.01600263]
820 4 [0.5488935  0.19886811 0.06055924 0.01553082]
821 4 [0.487131   0.14401795 0.10324056 0.01166103]
822 4 [0.5727487  0.15206212 0.11965425 0.01064032]
823 4 [0.6115648  0.14056401 0.11919148 0.01079765]
824 3 [0.6416653  0.17671232 0.06539276]
825 4 [0.59910274 0.1884145  0.08040942 0.01019948]
826 4 [0.36255834 0.31961107 0.11620668 0.0121045 ]
827 5 [0.3369794  0.31211826 0.13245286 0.01789505 0.01175561]
828 4 [0.590418   0.1946693  0.06662942 0.01021837]
829 5 [0.403381   0.29343262 0.08004398 0.01456414 0.01106126]
830 4 [0.61210227 0.11448707 0.11136436 0.0128164 ]
831 3 [0.56613743 0.15567555 0.11995775]
832 5 [0.47263625 0.16364682 0.10470434 0.07447542 0.01648215]
833 5 [0.5067632  0.16162293 0.11032411 0.05380042 0.01040359]
834 5 [0.503181   0.14670289 0.13472854 0.03178934 0.01129134]
835 5 [0.23279278 0.21812317 0.21622355 0.02099115 0.01478358]
836 5 [0.38805735 0.22798903 0.11505307 0.02118901 0.01415914]
837 5 [0.33988732 0.21629651 0.14349592 0.02885265 0.02179571]
838 5 [0.39174572 0.15051574 0.1334211  0.03147959 0.01706584]
839 4 [0.27082503 0.21667829 0.14667901 0.01973828]
840 5 [0.38682136 0.3032552  0.16705257 0.01508898 0.01298806]
841 5 [0.40862936 0.19582881 0.18876322 0.02317911 0.01562035]
842 5 [0.4349175  0.21423022 0.10756933 0.08785587 0.0125712 ]
843 5 [0.42076105 0.22675714 0.17616794]
844 5 [0.37109622 0.28064007 0.15733004 0.04950297 0.01490539]
845 4 [0.54471    0.22247204 0.01628812 0.01594229 0.01069313]
846 4 [0.5097651  0.2579442  0.01994115 0.01471919]
847 4 [0.36605453 0.33106858 0.02731928 0.01953976]
848 4 [0.41337463 0.1669553  0.06312658 0.03508434]
849 4 [0.45384237 0.21130039 0.05408423 0.01765203]
850 4 [0.4308446  0.2832733  0.02285072 0.01571362]
851 4 [0.52087444 0.2051648  0.02836358 0.01356264]
852 4 [0.4779496  0.3305248  0.01864292 0.01612699]
853 4 [0.4816348  0.27887022 0.02028255 0.01934115]
854 4 [0.43131876 0.34126744 0.02678841 0.02132845]
855 4 [0.42461357 0.35663164 0.02256752 0.0137725 ]
856 4 [0.43367848 0.34254107 0.02038079 0.01086741]
857 5 [0.3322441  0.29902983 0.13082258 0.02058465 0.01316002]
858 5 [0.44377995 0.19924185 0.19443627 0.03232904 0.01055831]
859 5 [0.42047513 0.22394875 0.20784806 0.02958481]
860 5 [0.49745834 0.18147112 0.17157035 0.02285967 0.01213292]
861 5 [0.34901896 0.28907162 0.18551828 0.06063646 0.01354898]
862 5 [0.42655715 0.26290464 0.18785177 0.01054754]
863 4 [0.40865475 0.27990046 0.20061797]
864 4 [0.40351018 0.2938694  0.19118719 0.01052549]
865 4 [0.39557716 0.31196633 0.17717375 0.01126547]
866 4 [0.3938512  0.3033705  0.19541135 0.01022668]
867 4 [0.3515682  0.33724096 0.20086521]
868 4 [0.34643206 0.33809036 0.19617917 0.01233275]
869 3 [0.35423243 0.3528965  0.1783848 ]
870 3 [0.36639297 0.2797146  0.2033041 ]
871 4 [0.3535383  0.30083287 0.20886578 0.01091916]
872 4 [0.41613916 0.31758168 0.1025525  0.01410615]
873 4 [0.3442892  0.26777738 0.23476602 0.01776995]
874 4 [0.37448052 0.2614386  0.1723464  0.01276012]
875 4 [0.3896754  0.30643415 0.15239903 0.01138668]
876 4 [0.45761508 0.19570181 0.1489543  0.02025911]
877 4 [0.36526543 0.24824266 0.16732866 0.01902685]
878 4 [0.3097128  0.24183877 0.23386832 0.02322868]
879 4 [0.4177634  0.30288333 0.14034459 0.01537874]
880 5 [0.33422178 0.18288833 0.14635482 0.02198844 0.01018573]
881 3 [0.47405097 0.1399814  0.07303778 0.02164701 0.01390922]
882 4 [0.42624715 0.31518117 0.12309048 0.01456344]
883 3 [0.33554804 0.2693854  0.23760688 0.01435181]
884 3[0.35139313 0.29894373 0.22065613 0.01386195]
885 3 [0.47868624 0.2189516  0.18595806 0.01541026]
886 4 [0.40527406 0.2745156  0.19751282 0.0139489 ]
887 3 [0.44967145 0.28419104 0.16197428 0.01129453]
888 4 [0.5178754  0.23076683 0.1452799 ]
889 5 [0.3791656  0.24750935 0.15269804 0.10147433 0.01032908]
890 5 [0.42905712 0.14541063 0.12184305 0.10505491 0.01372034]
891 5 [0.21290097 0.20860763 0.20179138 0.13890004 0.01803931 0.01348632]
892 5 [0.26187298 0.2117935  0.12649342 0.12408356 0.01753466 0.01590506]
893 5 [0.21718913 0.21626782 0.15592839 0.11675366 0.04367376 0.01430143]
894 5 [0.34327456 0.2208075  0.14365421 0.10707211 0.0311863  0.01786748]
895 6 [0.27673194 0.23745729 0.21534286 0.10268085 0.01169738 0.01138872]
896 6 [0.25654504 0.25301343 0.09853566 0.07050809 0.06074746 0.02450194 0.01219377]
897 6 [0.33804578 0.25083962 0.10474228 0.09562311 0.0238354  0.01476264 0.01401064]
898 5 [0.339641   0.21456681 0.19742581 0.13810411 0.01238672]
899 4 [0.37224597 0.2602325  0.23055236 0.01234288]
900 4 [0.43473193 0.22081718 0.20092858 0.01422401]
901 4 [0.39092115 0.27076378 0.21062054 0.01182889]
902 4 [0.37445754 0.26878467 0.22326851 0.01394327]
903 4 [0.434375   0.21790461 0.21098194 0.0154983 ]
904 6 [0.29560918 0.2649043  0.26413563 0.02237473 0.01388923]
905 4 [0.41001782 0.24521732 0.21115431 0.01145732]
906 4 [0.42061418 0.23886877 0.2178966  0.01053813]
907 4 [0.3610398  0.2843645  0.23117875 0.01133951]
908 4 [0.3744021  0.29054108 0.21448414 0.01028334]
909 4 [0.35990906 0.28122228 0.2355884  0.0147409 ]
910 4 [0.3343351  0.26820293 0.26313007 0.01602151]
911 4 [0.3805725  0.3307056  0.1452082  0.01080914]
912 4 [0.43745005 0.22822045 0.08978217 0.01734141]
913 4 [0.3698587  0.33105627 0.16295384 0.016004  ]
914 4 [0.42558488 0.26344985 0.19541042 0.01088125]
915 6 [0.42468667 0.29111752 0.15928514]
916 3 [0.42251366 0.36290297 0.07250055]
917 6 [0.45714813 0.25304314 0.14915259 0.01126716]
