1 11 [0.21925312 0.11571074 0.11045219 0.10465968 0.10235988 0.07809749 0.06858597 0.03791038 0.03642352 0.02878181 0.01106376]
2 11 [0.20311348 0.1791431  0.13741156 0.10582299 0.0872289  0.06721865 0.03258087 0.02628323 0.02415225 0.01641662 0.0142448 ]
3 11 [0.2351783  0.17257072 0.12107494 0.1137383  0.0882455  0.04866742 0.04608902 0.04173836 0.02767064 0.0213854  0.01443175]
4 11 [0.24726687 0.16063897 0.11800993 0.07967795 0.07326848 0.07324036 0.05068269 0.03975436 0.03422258 0.02402712 0.01665241]
5 11 [0.25148797 0.15786766 0.13131271 0.12827133 0.05315203 0.04768181 0.04116918 0.03958106 0.03115229 0.02744531 0.02035635]
6 10 [0.25355065 0.19565792 0.12869133 0.09575657 0.06218929 0.05309604 0.04631905 0.03324385 0.02586747 0.02301733]
7 10 [0.24961908 0.19502197 0.1279158  0.11527175 0.05626586 0.05576098 0.03632875 0.03386929 0.0226329  0.01928627]
8 9 [0.21155083 0.20767066 0.20433955 0.09018781 0.06620064 0.06182167 0.04365704 0.01822347 0.01808351]
9 10 [0.27453727 0.13036352 0.11641974 0.09000979 0.06869256 0.06531888 0.0522923  0.04830072 0.04819913 0.03677861]
10 11 [0.28029594 0.13489233 0.1074042  0.09876866 0.0897169  0.08085085 0.03156895 0.02829907 0.02439119 0.01910908 0.01174556]
11 11 [0.29620522 0.11538621 0.10044991 0.08923709 0.0871174  0.06662914 0.05411043 0.04660013 0.03378676 0.02800184 0.0259772 ]
12 11 [0.2430852  0.12193601 0.10824299 0.08074018 0.07004066 0.06424884 0.05466221 0.05029112 0.04065929 0.04061778 0.03787552]
13 11 [0.24144831 0.1178453  0.09817112 0.09207967 0.09171155 0.06624614 0.06596325 0.06053794 0.0512934  0.02098173 0.02094207]
14 11 [0.24657787 0.11965127 0.11030342 0.09634181 0.07765405 0.07429876 0.06987426 0.04051375 0.02866243 0.02698188 0.02685985]
15 10 [0.25609207 0.2048637  0.1089237  0.07453621 0.07202885 0.0567021 0.04819012 0.03873718 0.03245172 0.02513516]
16 10 [0.23083957 0.20203573 0.10760774 0.09116866 0.07362654 0.0688417 0.05826297 0.04314993 0.04059072 0.01984167]
17 10 [0.23072693 0.21401563 0.09638657 0.08561859 0.07568185 0.07173523 0.05315844 0.0491709  0.03502007 0.0221903 ]
18 10 [0.3500328  0.09161248 0.08922461 0.08472116 0.07093794 0.05857226 0.05799517 0.04980186 0.04078513 0.01994896]
19 9 [0.31863523 0.2038507  0.10708653 0.0952222  0.06152659 0.04596791 0.04024541 0.02009457 0.01182423]
20 9 [0.27751264 0.18364187 0.16424622 0.08482089 0.08001341 0.04163111 0.04127314 0.03210078 0.0103765 ]
21 8 [0.34773967 0.16321538 0.12426053 0.0918052  0.0691768  0.06356083 0.03193041 0.0148212 ]
22 7 [0.29471415 0.26300335 0.21093659 0.06928409 0.03775396 0.02446101 0.01880028]
23 8 [0.27194634 0.26819503 0.17988318 0.06554598 0.04869934 0.04382857 0.03634313 0.02618307]
24 8 [0.17440175 0.15591173 0.13752091 0.12685426 0.09407268 0.09390359 0.07549029 0.06555658]
25 8 [0.29861414 0.1569597  0.12571771 0.12098216 0.09711118 0.05075484 0.0475206  0.03188001]
26 8 [0.21429999 0.15308847 0.11090881 0.10424683 0.1019576  0.09820018 0.07232432 0.05561894]
27 8 [0.22058292 0.16877732 0.11891183 0.11081328 0.10623882 0.05679484 0.05108641 0.03704188]
28 7 [0.195269   0.16648157 0.15257202 0.11318409 0.10233764 0.09353241 0.07338115]
29 7 [0.24940315 0.21551451 0.15727477 0.09223786 0.08302002 0.08265949 0.01577354]
30 8 [0.20960402 0.19694862 0.1585185  0.12355191 0.09000731 0.07882882 0.02363195 0.02266297]
31 8 [0.2510904  0.1922159  0.14561686 0.09421887 0.05945231 0.05282095 0.04516812 0.01646521]
32 10 [0.19118656 0.16368648 0.13820192 0.12211185 0.09352279 0.05220647 0.03578709 0.01690627 0.01616732 0.01020642]
33 8 [0.17593136 0.17014961 0.14295672 0.13381319 0.13167587 0.06725361 0.05557815 0.02447697]
34 8 [0.18741111 0.15520874 0.12089814 0.10150136 0.09313603 0.0711773 0.06733328 0.06015253]
35 8 [0.29197857 0.1636184  0.12415777 0.09959241 0.07895094 0.06927481 0.06479332 0.01808788]
36 8 [0.20740044 0.17155585 0.15314202 0.1334559  0.09990592 0.05768931 0.0297706  0.02341953]
37 8 [0.21006906 0.16358596 0.13034233 0.11392049 0.09548962 0.07936233 0.06524265 0.02628142]
38 8 [0.18115447 0.17942975 0.11707311 0.10945567 0.09098697 0.08912846 0.07770268 0.03997829]
39 8 [0.18489394 0.13143404 0.10550674 0.10057232 0.09913629 0.0933566 0.0880935  0.06706221]
40 8 [0.19805193 0.16152893 0.12028087 0.11430163 0.08815413 0.0714559 0.07112335 0.05171924]
41 8 [0.26346493 0.13387516 0.1322635  0.11576509 0.07256363 0.060222 0.06008672 0.04787095]
42 9 [0.18617798 0.16355859 0.13682139 0.12501115 0.09835425 0.06537297 0.05441943 0.02758729 0.01168407]
43 7 [0.29160064 0.21997541 0.16043274 0.09056293 0.07252127 0.03735436 0.02398512]
44 7 [0.25168514 0.14082257 0.12994929 0.11957026 0.08757497 0.05054315 0.04322482]
45 7 [0.2181262  0.17775661 0.16313387 0.14065066 0.1247939  0.03501192 0.03416717]
46 7 [0.20693025 0.18279338 0.15290411 0.12746002 0.08964781 0.07668097 0.03320753]
47 7 [0.23249006 0.20776772 0.13010268 0.114609   0.10980938 0.08809138 0.0156415 ]
48 8 [0.17979617 0.1777552  0.14193718 0.12455644 0.08216289 0.07971722 0.06735146 0.01380328]
49 7 [0.27337888 0.20381977 0.10812927 0.10585088 0.09338716 0.07820125 0.02325714]
50 7 [0.2481882  0.15231806 0.10237065 0.08534048 0.0846745  0.08071654 0.05803698]
51 7 [0.24206683 0.18593036 0.16697578 0.15417571 0.07498018 0.06250104 0.02473415]
52 7 [0.2775209  0.16914092 0.15245305 0.12197953 0.06709386 0.06374756 0.05382634]
53 7 [0.2316208  0.18455152 0.12554656 0.12369689 0.11225526 0.09505422 0.03375892]
54 7 [0.21654667 0.19745192 0.15648443 0.10905325 0.0797921  0.07390651 0.06480253]
55 7 [0.28497937 0.20217729 0.12979458 0.09028788 0.08232789 0.07871256 0.04638091]
56 7 [0.22119772 0.17918913 0.16741182 0.11292316 0.10520051 0.10072517 0.03110225]
57 7 [0.37182078 0.16952762 0.13891657 0.10402583 0.04443575 0.03796342 0.02269502]
58 6 [0.30099148 0.16005704 0.1536012  0.14583293 0.07239965 0.05099408]
59 7 [0.2071454  0.15588309 0.12847239 0.1121059  0.10698934 0.09588089 0.09232492]
60 7 [0.23102298 0.1268112  0.12261631 0.11980429 0.1015923  0.08588675 0.05037058]
61 6 [0.2962817  0.1600385  0.12657969 0.12426117 0.1129979  0.07732343]
62 6 [0.16678731 0.14348002 0.14046453 0.13783713 0.13380519 0.11961322]
63 7 [0.36414    0.13740009 0.13578387 0.09882171 0.05753411 0.05119418 0.01044156]
64 6 [0.31184024 0.17019089 0.16935956 0.11309841 0.0611877  0.06101952]
65 7 [0.27095202 0.20827499 0.12777255 0.12568605 0.064649   0.03381675 0.0153615 ]
66 6 [0.34565863 0.20643792 0.15462297 0.09383407 0.05309685 0.01865   ]
67 5 [0.22671127 0.22652724 0.1674818  0.1313063  0.07363657]
68 5 [0.40886998 0.20884031 0.14920554 0.14440782 0.03004861]
69 6 [0.36330366 0.32037917 0.06913916 0.06620502 0.04767193 0.04267101]
70 7 [0.28643808 0.25046268 0.14865832 0.07383571 0.06054178 0.04643223 0.01135253]
71 6 [0.23465855 0.20906465 0.16223335 0.15676318 0.0669753  0.01014427]
72 5 [0.52962065 0.16647162 0.1372465  0.05528967 0.03540512]
73 5 [0.26523316 0.22819099 0.2069262  0.09441937 0.05591239]
74 6 [0.48696154 0.18334208 0.12964734 0.05300056 0.03935352 0.013521  ]
75 7 [0.2746652  0.23686394 0.1272449  0.10391664 0.04941131 0.03987384 0.01718062]
76 7 [0.23448555 0.17708567 0.13504075 0.13351955 0.12401718 0.05444444 0.01436   ]
77 7 [0.23649494 0.18266192 0.14290093 0.13354294 0.08817206 0.05751573 0.0159385 ]
78 6 [0.21820083 0.20137751 0.16225015 0.13169    0.08596329 0.05415022]
79 7 [0.3600589  0.13994786 0.1354342  0.09878916 0.07143591 0.06151015 0.01023361]
80 8 [0.44567865 0.12951447 0.08244018 0.07222515 0.059857   0.03709071 0.0369862  0.01874259]
81 8 [0.45290682 0.13675891 0.0736068  0.06896599 0.05657493 0.04458985 0.02279061 0.01562833]
82 7 [0.30110928 0.22058101 0.10108156 0.08268211 0.08127245 0.04862434 0.01780177]
83 9 [0.22914843 0.18516912 0.12768939 0.10450169 0.07521682 0.0564234 0.03063165 0.01920951 0.01024303]
84 10 [0.26029137 0.11905363 0.10389024 0.09835225 0.0967894  0.06946788 0.02905351 0.02766341 0.01312663 0.0122106 ]
85 8 [0.1987784  0.1697367  0.15434244 0.14014854 0.09278735 0.03771394 0.03667171 0.03476647]
86 8 [0.47494406 0.19314313 0.08493396 0.05862229 0.04281244 0.03473842 0.03134501 0.02158678]
87 7 [0.40806705 0.17190826 0.10966459 0.10344891 0.05068886 0.04295422 0.03092055]
88 7 [0.2210477  0.17375675 0.16195662 0.11164244 0.10274076 0.0723466 0.02450487]
89 6 [0.17970948 0.1791419  0.1759789  0.14039369 0.13409682 0.04586229]
90 8 [0.21243472 0.18619679 0.14474195 0.10421534 0.10211629 0.06688017 0.06130838 0.02034813]
91 8 [0.20487046 0.17665899 0.12320393 0.08135987 0.07044891 0.06937076 0.05546743 0.01411659]
92 9 [0.2590618  0.12548414 0.11511547 0.08236042 0.0794029  0.06382122 0.04482601 0.03999894 0.01349477]
93 8 [0.4282682  0.12452467 0.08013958 0.0758571  0.05695808 0.05347775 0.04068536 0.02312068]
94 8 [0.19574015 0.1573066  0.12879375 0.12759924 0.10394164 0.06314395 0.05062956 0.01465314]
95 9 [0.16790485 0.14597575 0.13907635 0.133154   0.13215427 0.05872181 0.05445427 0.01180614 0.01111898]
96 8 [0.19952282 0.18009715 0.16202027 0.11643124 0.06664503 0.06651708 0.05222639 0.01214261]
97 7 [0.46971008 0.11497147 0.08768141 0.07429615 0.06636177 0.04608015 0.03321804]
98 8 [0.64484626 0.05795571 0.05741626 0.05265621 0.04841612 0.0284298 0.02179975 0.01331221]
99 9 [0.19687822 0.19343461 0.18255378 0.09949424 0.05029855 0.04900586 0.04523084 0.03928101 0.01411343]
100 9 [0.19967505 0.15383981 0.13180076 0.09535285 0.07565047 0.07392414 0.066704   0.05646948 0.052271  ]
101 9 [0.19776759 0.16821165 0.13606608 0.10200173 0.10174681 0.06183795 0.0527901  0.04544604 0.04347882]
102 9 [0.15805885 0.15767412 0.13774711 0.12082902 0.10306854 0.07549067 0.07283799 0.06153808 0.03365041]
103 9 [0.16832846 0.14201543 0.14181958 0.14064617 0.08234666 0.07946718 0.04860308 0.04764248 0.04293647]
104 8 [0.37054187 0.13498153 0.11202304 0.1099378  0.06395914 0.04953509 0.03496403 0.03022971]
105 10 [0.18583615 0.17522676 0.11036289 0.10817317 0.07699136 0.06375723 0.04481565 0.04227929 0.01872875 0.01351653]
106 9 [0.30979016 0.14026806 0.1083782  0.08610848 0.06732722 0.05618122 0.03941728 0.01355013 0.01288046]
107 7 [0.24850263 0.16778679 0.14099109 0.10159009 0.08990183 0.07369929 0.06419417]
108 8 [0.2229788  0.131814   0.1260374  0.11456557 0.08888765 0.07137696 0.04247293 0.02370179]
109 7 [0.17604907 0.1697181  0.14022557 0.13862771 0.10253605 0.06816675 0.04486689]
110 8 [0.24258131 0.17090048 0.10128744 0.09406409 0.08383829 0.08027992 0.0587016  0.05503498]
111 9 [0.22347227 0.19965838 0.10458457 0.07678106 0.06926315 0.06347161 0.05413093 0.04378154 0.0342205 ]
112 10 [0.21170048 0.19603552 0.09601088 0.08545176 0.06970603 0.06222439 0.05923227 0.04420742 0.0360378  0.0254815 ]
113 11 [0.29489288 0.10514493 0.0952517  0.08257723 0.06249694 0.06011475 0.04580159 0.04206459 0.03547533 0.03243737 0.02919526]
114 11 [0.23940414 0.1662345  0.09168043 0.08984537 0.08645353 0.08008847 0.05699499 0.05080402 0.03157772 0.02694888 0.02256871]
115 11 [0.16106868 0.12907325 0.10883796 0.10830484 0.10360635 0.07179258 0.06568086 0.06186898 0.05083455 0.04662152 0.01685107]
116 11 [0.1764967  0.12902533 0.11203048 0.10956391 0.10644721 0.07838289 0.06275124 0.04288222 0.0301264  0.02991101 0.01796915]
117 11 [0.24228163 0.10523205 0.10460544 0.09438596 0.09380437 0.08331192 0.07219826 0.04717073 0.02880737 0.02397313 0.01025435]
118 9 [0.15226634 0.1463206  0.13375251 0.1305263  0.08647141 0.07878044 0.0439296  0.03721669 0.02744198]
119 9 [0.31925538 0.18553983 0.09789237 0.07745744 0.07290332 0.05736831 0.03695112 0.03589948 0.02342835]
120 9 [0.31344    0.1501499  0.1118711  0.09628559 0.06769642 0.06337328 0.05106493 0.0303327  0.0129164 ]
121 9 [0.3388083  0.18425395 0.09104195 0.0840923  0.07185967 0.0512591 0.04581857 0.02813414 0.02681799]
122 8 [0.28599492 0.19061337 0.12646185 0.09478395 0.07823148 0.07361883 0.03153739 0.02481337]
123 9 [0.3757261  0.14839904 0.11442208 0.07937855 0.0530167  0.05149942 0.0488361  0.03640233 0.02500703]
124 8 [0.62063843 0.1504085  0.04819303 0.04362805 0.02883252 0.02707764 0.01546581 0.01412169]
125 9 [0.2975735  0.12055843 0.11365162 0.10632716 0.08933184 0.07816419 0.04836372 0.01935931 0.01369803]
126 8 [0.14220244 0.13204807 0.1313929  0.11512034 0.11380937 0.09482012 0.08062243 0.03389837]
127 9 [0.20310012 0.10762557 0.10157044 0.08493888 0.07198876 0.06196097 0.04836982 0.04834775 0.04327287]
128 9 [0.23900296 0.11332697 0.0933831  0.08960782 0.0888182  0.08666678 0.07574969 0.06535451 0.01773721]
129 9 [0.38927534 0.12670647 0.11535915 0.06997814 0.05281476 0.04512771 0.0332443  0.02884962 0.02539302]
130 9 [0.28065854 0.10648244 0.09555776 0.08047492 0.0766007  0.07389379 0.06294876 0.05856629 0.03633144]
131 9 [0.22259644 0.15953875 0.08247619 0.07840888 0.07631173 0.07620892 0.06556417 0.05488788 0.05284459]
132 9 [0.31498927 0.18917513 0.07650338 0.06813826 0.05972801 0.05924639 0.05427635 0.05099994 0.02908271]
133 8 [0.20939448 0.1575989  0.09537221 0.09365362 0.08435005 0.08151319 0.07346342 0.02328178]
134 8 [0.21330681 0.19069192 0.17859314 0.0925441  0.07957815 0.07016013 0.03249347 0.02435955]
135 8 [0.2882119  0.1285504  0.12456919 0.09009784 0.08629379 0.04640124 0.04575271 0.0417389 ]
136 8 [0.1678019  0.16450804 0.10762384 0.10657982 0.07100874 0.06156278 0.05859767 0.05415474]
137 11 [0.21469483 0.08159387 0.07741015 0.07459144 0.06596538 0.05445846 0.04941538 0.04479262 0.03196288 0.01188639 0.01005782]
138 9 [0.23463598 0.13108565 0.08942612 0.08256245 0.07623921 0.07099316 0.04904137 0.04534913 0.03951108]
139 10 [0.12967755 0.11884348 0.11297373 0.10341497 0.08233429 0.08036461 0.0654412  0.05542551 0.04732615 0.01222622]
140 9 [0.22312266 0.17349273 0.10025512 0.09735309 0.06624696 0.05571857 0.04987447 0.03844758 0.03191621]
141 9 [0.20435138 0.13217865 0.12914221 0.10510438 0.0775197  0.05904381 0.05703872 0.05350183 0.02688668]
142 8 [0.20047472 0.1278609  0.1266481  0.11410853 0.07931859 0.06754804 0.06077747 0.04374313]
143 8 [0.25457945 0.15638795 0.12697044 0.09987865 0.07068755 0.04922845 0.04606402 0.03666996]
144 9 [0.18305887 0.15201695 0.10284781 0.08323164 0.08097868 0.07865478 0.06023825 0.05773114 0.03145523]
145 9 [0.2060042  0.14811672 0.11609516 0.10890743 0.06699652 0.05481246 0.05366248 0.05297987 0.03655798]
146 9 [0.22965014 0.11686077 0.10753517 0.09546861 0.08436545 0.05743833 0.05451759 0.04353798 0.0430957 ]
147 9 [0.19878195 0.19580008 0.12571615 0.09584598 0.05990477 0.05830754 0.04699177 0.04439803 0.02262148]
148 9 [0.20203759 0.17590943 0.1153189  0.10185232 0.08319066 0.06160194 0.05612364 0.05166362 0.04264426]
149 9 [0.14229082 0.12590294 0.12323278 0.10935967 0.10721184 0.09428368 0.09041174 0.04646372 0.03469155]
150 9 [0.17917563 0.13203767 0.12379428 0.12321326 0.0889715  0.07689693 0.07502622 0.0585696  0.03605888]
151 9 [0.19902045 0.13789871 0.12189916 0.11714233 0.1133314  0.06104291 0.04530295 0.03323178 0.0314747 ]
152 9 [0.18287851 0.14631641 0.14406914 0.13218711 0.11341625 0.08301434 0.05110348 0.04198381 0.01723478]
153 9 [0.17491603 0.16351326 0.14173976 0.11447122 0.1071927  0.09469412 0.04203727 0.03323596 0.01593551]
154 9 [0.2304182  0.13153195 0.10487867 0.10246035 0.09976614 0.09347735 0.05514606 0.04862355 0.03611387]
155 9 [0.1831937  0.13305223 0.1310042  0.10732599 0.09915312 0.0756548 0.04958826 0.04552142 0.04348222]
156 8 [0.1720659  0.15328264 0.13338698 0.12561895 0.10925242 0.07518877 0.05742842 0.04719063]
157 10 [0.20626903 0.15064657 0.14618911 0.08438813 0.07476352 0.06002788 0.05406439 0.05361098 0.02729132 0.01240457]
158 9 [0.19267705 0.17375658 0.173672   0.08637141 0.07035551 0.06141687 0.04840137 0.04198017 0.03201339]
159 8 [0.15929635 0.15519209 0.13291885 0.1141309  0.10733575 0.08960564 0.08277895 0.03986224]
160 8 [0.19371752 0.17075151 0.13457282 0.11443502 0.09910091 0.05268762 0.05143163 0.04809149]
161 9 [0.17653002 0.12951615 0.12822185 0.10972328 0.10295029 0.07878886 0.06615098 0.05722294 0.03082973]
162 8 [0.17049636 0.14307344 0.1297749  0.1218482  0.10046961 0.07600236 0.06991064 0.04944469]
163 9 [0.20311852 0.16911586 0.13023074 0.07654195 0.07588848 0.0751074 0.07425523 0.03814257 0.03727144]
164 9 [0.18388398 0.1618348  0.12476075 0.09734626 0.09718129 0.08025712 0.0540356  0.04736195 0.04172704]
165 9 [0.29817203 0.12002257 0.11529849 0.10091307 0.08021235 0.05569917 0.04793654 0.04430989 0.01410684]
166 9 [0.30064255 0.1477785  0.10674558 0.06843477 0.06356671 0.06205329 0.0449346  0.04181542 0.0415572 ]
167 9 [0.29897255 0.10998061 0.10552014 0.08934256 0.07166085 0.05068165 0.0499039  0.04856635 0.04771814]
168 9 [0.23667793 0.13738246 0.1282507  0.10974275 0.09860697 0.07934703 0.03694705 0.02259521 0.01003144]
169 9 [0.15110372 0.14259975 0.12481985 0.11350193 0.09899757 0.06933577 0.06775306 0.05212342 0.03176641]
170 9 [0.19997622 0.16942975 0.16869059 0.110815   0.0780056  0.07400722 0.04902444 0.04391246 0.01765652]
171 9 [0.22163638 0.17999168 0.12068067 0.11106026 0.09085136 0.06710204 0.04993691 0.04777665 0.0374028 ]
172 9 [0.35374668 0.22833155 0.09781045 0.07262904 0.0707876  0.03217027 0.03138218 0.02723549 0.01420148]
173 9 [0.24580391 0.16105984 0.14565219 0.11028596 0.09765369 0.04004282 0.02967466 0.02518286 0.01700103]
174 9 [0.24403572 0.11080209 0.1085343  0.09848662 0.09802026 0.08419971 0.06055323 0.04927993 0.03175358]
175 9 [0.30599248 0.23173521 0.09514807 0.07086457 0.06014461 0.05206552 0.03686618 0.03012719 0.01996483]
176 8 [0.3832804  0.1710019  0.12267633 0.06886308 0.0606768  0.05658442 0.03391435 0.02327772]
177 9 [0.2146544  0.15950778 0.15881442 0.10065563 0.08714052 0.03244355 0.03182791 0.01727834 0.01636081]
178 9 [0.2673771  0.1923991  0.13961837 0.06102578 0.05252913 0.04621958 0.04515523 0.0295451  0.0215877 ]
179 7 [0.3217678  0.13245697 0.12131456 0.10921497 0.07233126 0.04880936 0.02027403]
180 9 [0.20089838 0.15174304 0.12605466 0.10578759 0.08138825 0.07844558 0.07302056 0.03990448 0.03657775]
181 9 [0.35402313 0.13607764 0.10805233 0.0908216  0.08401588 0.05233877 0.03873298 0.02549098 0.02356207]
182 9 [0.25916973 0.14162317 0.12736298 0.12704478 0.10956061 0.07039984 0.0258485  0.02399108 0.0107266 ]
183 9 [0.34455556 0.18564534 0.11936378 0.060347   0.05035131 0.04424501 0.02667111 0.02654034 0.01209884]
184 9 [0.2444695  0.15839486 0.13447297 0.10910271 0.06125278 0.0546078 0.05190349 0.04372884 0.01580626]
185 9 [0.26186967 0.1590997  0.10230318 0.09557328 0.07347353 0.06827705 0.05759193 0.04308217 0.03552431]
186 9 [0.2887773  0.17584191 0.12394799 0.09018341 0.06983044 0.04348536 0.04191095 0.0379756  0.01757382]
187 9 [0.32229856 0.14006348 0.11230222 0.09941145 0.08123305 0.04904848 0.03607014 0.02672265 0.01514691]
188 9 [0.33571345 0.13542631 0.11198192 0.08407757 0.07169725 0.05731408 0.03404252 0.03059882 0.02075659]
189 8 [0.39084217 0.13735318 0.1143804  0.10118949 0.05736248 0.05598043 0.02800283 0.01608747]
190 9 [0.37743437 0.13908638 0.12549323 0.08085644 0.07898291 0.02877687 0.02428381 0.02193987 0.0203539 ]
191 9 [0.3486486  0.10663515 0.10634404 0.0918833  0.08374164 0.06719608 0.04424594 0.0216958  0.01778064]
192 9 [0.37049514 0.13431978 0.11043697 0.0963276  0.09192788 0.03997903 0.02498369 0.01786388 0.01637863]
193 9 [0.18566777 0.16453324 0.14848939 0.09835102 0.08678593 0.06783321 0.0469043  0.03390648 0.02400953]
194 9 [0.18529953 0.15016027 0.14813165 0.10884442 0.09471604 0.08196463 0.04012093 0.03790188 0.01171636]
195 9 [0.2549885  0.11578724 0.11292595 0.09606004 0.08432189 0.076637 0.07599978 0.03880311 0.02036904]
196 9 [0.19804315 0.14970694 0.14679526 0.10631227 0.1019466  0.05435809 0.04292233 0.029547   0.02253685]
197 9 [0.20898642 0.14114733 0.13183035 0.09582336 0.09079143 0.05594591 0.04910973 0.04879388 0.01421114]
198 9 [0.15459299 0.13983686 0.11875974 0.10979469 0.08996753 0.08487538 0.07158305 0.0584695  0.01967254]
199 9 [0.17977539 0.1504029  0.12752642 0.1185325  0.10256778 0.08045744 0.05666362 0.02440887 0.02226025]
200 9 [0.26756343 0.15831524 0.1321425  0.11391307 0.08400574 0.05879814 0.02951384 0.02158386 0.01272969]
201 9 [0.16907431 0.13137887 0.12737174 0.12091807 0.12043168 0.10587107 0.05084099 0.04456344 0.02455336]
202 9 [0.26646376 0.16494232 0.14398466 0.13713706 0.0885694  0.06629205 0.03154278 0.02552356 0.01401926]
203 9 [0.20955399 0.19212568 0.12129662 0.11486636 0.10967473 0.0738092 0.05924545 0.01988864 0.01522811]
204 9 [0.28420827 0.18826108 0.11457166 0.07632642 0.07509115 0.0529753 0.04309682 0.03666978 0.01188092]
205 8 [0.21032463 0.15472667 0.12443177 0.11242121 0.07824329 0.07444129 0.06988072 0.06589443]
206 8 [0.17541188 0.1660064  0.13351327 0.11493253 0.10599972 0.08606424 0.03707428 0.01428524]
207 10 [0.14733551 0.14391577 0.1429551  0.13123928 0.05221451 0.04567435 0.01544224 0.01419109 0.01159643 0.01125901]
208 7 [0.18653768 0.1346043  0.1213056  0.11484255 0.07816319 0.07415079 0.04231929]
209 6 [0.19984062 0.175751   0.1602642  0.12515466 0.05836254 0.03748659]
210 7 [0.23157285 0.17111757 0.11774637 0.09084412 0.05005825 0.0248702 0.02068153]
211 7 [0.2812544  0.16823713 0.12703586 0.11592691 0.0406683  0.02627257 0.01088891]
212 9 [0.27642146 0.2328185  0.13034843 0.092608   0.05564344 0.02722251 0.02514558 0.01095299 0.0109051 ]
213 7 [0.34573448 0.15105116 0.12208627 0.1048013  0.03508153 0.02478094 0.01139004]
214 10 [0.14859286 0.12336127 0.09711883 0.08366064 0.08081254 0.07325839 0.06812972 0.05300887 0.01302743 0.01284708]
215 9 [0.21834427 0.15299365 0.11713114 0.08404125 0.07973733 0.06967367 0.05089026 0.03881498 0.01102167]
216 7 [0.4109153  0.10796929 0.09054749 0.07790989 0.06668185 0.04565105 0.03921714]
217 7 [0.22594197 0.13847652 0.13637029 0.10285301 0.09627933 0.07786312 0.03730146]
218 9 [0.33004338 0.20932567 0.07771572 0.06991957 0.05087303 0.04114805 0.03747639 0.01162526 0.01082739]
219 9 [0.2562034  0.20832309 0.11642233 0.08627324 0.06318657 0.05541004 0.03050421 0.02834129 0.01936329]
220 8 [0.30326226 0.28348628 0.12224571 0.0605929  0.05152209 0.03592463 0.0332358  0.0255641 ]
221 8 [0.2898499  0.23517935 0.10963212 0.08300982 0.05578493 0.05058349 0.03914598 0.01868319]
222 8 [0.13275681 0.13006112 0.12580861 0.12126632 0.09665617 0.08124709 0.06242955 0.02115616]
223 7 [0.27098483 0.21808867 0.19638212 0.05159702 0.04904069 0.03042418 0.02900318]
224 8 [0.29269314 0.2630474  0.12614672 0.08665908 0.0652842  0.02413421 0.01876041 0.01108542]
225 8 [0.39846793 0.12169994 0.09406341 0.07006758 0.06193614 0.05729818 0.05218549 0.0256652 ]
226 7 [0.16492991 0.1545851  0.15122245 0.14752357 0.13561319 0.05746392 0.0100508 ]
227 8 [0.23589177 0.2089705  0.20589833 0.07125275 0.06191789 0.05792112 0.0295508  0.02603624]
228 8 [0.23720948 0.20927593 0.16549028 0.12127631 0.07225124 0.06990013 0.01621024 0.01403495]
229 8 [0.4404629  0.16230798 0.12969472 0.06572179 0.05953376 0.03100739 0.02756474 0.01022862]
230 8 [0.45345548 0.16672915 0.09951823 0.07584747 0.06088912 0.03472443 0.01583368 0.01079777]
231 7 [0.27520564 0.22788799 0.1339282  0.08965825 0.08886442 0.04826405 0.02775004]
232 8 [0.19400355 0.18944892 0.14907844 0.09146355 0.07579521 0.06560092 0.06256384 0.04475993]
233 9 [0.20172344 0.200992   0.13213345 0.11787426 0.06282689 0.05555056 0.04633347 0.03322978 0.01738287]
234 9 [0.32608178 0.1680755  0.08973626 0.08308925 0.07899508 0.05902345 0.04536418 0.03990228 0.01166533]
235 9 [0.22239274 0.21936014 0.14927198 0.0863203  0.06316608 0.05805435 0.04641229 0.03425961 0.03386831]
236 8 [0.26509148 0.09941736 0.09735978 0.09124068 0.08689279 0.07825595 0.07146406 0.03765956]
237 7 [0.32658044 0.1867848  0.11715702 0.08876933 0.07626152 0.05875761 0.04468105]
238 7 [0.38154206 0.18034436 0.08654527 0.08348802 0.08202049 0.03607785 0.02980577]
239 9 [0.26572073 0.17524679 0.09921639 0.09536394 0.08607119 0.07269987 0.05666089 0.03687109 0.02076426]
240 9 [0.18096694 0.12487499 0.11075255 0.10964749 0.10240851 0.07668296 0.06837699 0.06820681 0.05037205]
241 8 [0.23590702 0.13447936 0.11146896 0.09497814 0.08899116 0.08438395 0.0833266  0.04209612]
242 8 [0.2244667  0.18093154 0.14305829 0.14253671 0.06664503 0.0594633 0.05112189 0.02378847]
243 8 [0.18686357 0.17431775 0.16386925 0.11500397 0.08442968 0.05789225 0.05679106 0.05613199]
244 7 [0.22565201 0.20760348 0.14756215 0.09704778 0.08175579 0.0730081 0.01547451]
245 8 [0.20300403 0.16786097 0.15900451 0.09819601 0.08520173 0.08387899 0.08194727 0.010504  ]
246 7 [0.19226992 0.17916673 0.13211808 0.09664492 0.09391896 0.07794533 0.02800244]
247 9 [0.21705613 0.15492445 0.11245554 0.09940051 0.06985444 0.05164691 0.04992914 0.03375027 0.01229383]
248 8 [0.21439083 0.16752927 0.13501024 0.11601017 0.11092878 0.07377304 0.0275755  0.01218251]
249 7 [0.25160345 0.23333792 0.10154265 0.09204324 0.08167515 0.06407336 0.05041768]
250 9 [0.2426549  0.14630342 0.12650311 0.08677839 0.08651735 0.08402359 0.05723581 0.02301375 0.01000556]
251 8 [0.1800032  0.16245587 0.13042751 0.12260947 0.085375   0.07766473 0.07374649 0.02369863]
252 8 [0.20661804 0.11292317 0.102987   0.10097492 0.0932306  0.08602613 0.08143012 0.05023335]
253 8 [0.16519833 0.15335134 0.15239021 0.1209014  0.10991003 0.069622 0.06890912 0.05588715]
254 7 [0.23067817 0.15711288 0.14864102 0.12041927 0.11397387 0.05668013 0.02990195]
255 8 [0.24314028 0.1672272  0.12879232 0.11360424 0.09271785 0.05721562 0.04394953 0.015708  ]
256 7 [0.32132018 0.12891366 0.11822546 0.08607375 0.07727434 0.06841285 0.01406413]
257 7 [0.26472798 0.18500698 0.16418691 0.09672008 0.07659683 0.0360345 0.01351498]
258 8 [0.18048911 0.16357088 0.16082478 0.13041274 0.12918825 0.0536754 0.04488269 0.02334137]
259 9 [0.2660015  0.19145124 0.09801564 0.08350074 0.07163701 0.05376879 0.03702002 0.01969229 0.01164111]
260 8 [0.25392014 0.23118676 0.15742837 0.08521318 0.06805025 0.03965384 0.03065867 0.01226464]
261 6 [0.22982073 0.19072677 0.14244772 0.10463002 0.07835104 0.07064477]
262 7 [0.23275444 0.21019343 0.17917927 0.13969976 0.04686156 0.01177206 0.01060156]
263 8 [0.28928497 0.25906506 0.09796865 0.0637196  0.06336263 0.02767854 0.01291166 0.01085205]
264 5 [0.43162635 0.2331807  0.09703687 0.07902852 0.02517594]
265 6 [0.28665188 0.1455448  0.13778593 0.12474945 0.11089712 0.04040857]
266 7 [0.42503664 0.1531516  0.12387633 0.04595058 0.01437479 0.01232166 0.01116712]
267 7 [0.21604985 0.19332814 0.13559127 0.13196363 0.08061868 0.02364591 0.02217521]
268 6 [0.29463756 0.19354145 0.151303   0.10683151 0.05544905 0.05047153]
269 6 [0.32670772 0.16456105 0.16329911 0.13182496 0.08132572 0.02182687]
270 7 [0.20517631 0.19968268 0.13097976 0.12757942 0.08446469 0.03296955 0.01326149]
271 8 [0.46091637 0.11706473 0.11112428 0.08082321 0.05221452 0.04948071 0.01592579 0.01427938]
272 7 [0.4716984  0.09843619 0.08874555 0.06864451 0.06639762 0.06333452 0.0217072 ]
273 8 [0.22972788 0.18317862 0.11971997 0.09526638 0.08086737 0.08003069 0.0516797  0.0233361 ]
274 7 [0.37618047 0.13602543 0.10089693 0.09328135 0.08477762 0.05361934 0.03511076]
275 7 [0.4220561  0.12156682 0.11123516 0.0787981  0.06357802 0.05690651 0.02139181]
276 7 [0.3838927  0.12068176 0.11322891 0.1010564  0.08106174 0.06175179 0.02669466]
277 7 [0.21942213 0.2011943  0.12561376 0.12331817 0.11333798 0.07026146 0.02633782]
278 7 [0.21319105 0.16948375 0.13996805 0.13862923 0.11016818 0.04727723 0.01879055]
279 7 [0.2361979  0.19345547 0.15402609 0.11150949 0.05525864 0.0298933 0.01578252]
280 8 [0.33764642 0.11581834 0.10450545 0.0983027  0.09793057 0.07632294 0.02398473 0.01209609]
281 9 [0.3007835  0.1538561  0.13170555 0.12219593 0.06334987 0.03378149 0.02500469 0.01931528 0.01849994]
282 9 [0.29416525 0.25891578 0.10161173 0.07802215 0.06235311 0.05646047 0.01657251 0.01654882 0.01171197]
283 8 [0.19690955 0.18944256 0.17329344 0.11173322 0.09082928 0.0650791 0.02149229 0.01129188]
284 6 [0.34225127 0.2512139  0.07937695 0.07914833 0.07564611 0.02048315]
285 7 [0.3341905  0.23731206 0.15007155 0.08210276 0.04543155 0.01526374 0.0102242 ]
286 7 [0.20830321 0.17949548 0.17293037 0.15521711 0.08604263 0.06115349 0.02917305]
287 8 [0.28144705 0.23024729 0.10152963 0.07988556 0.07002345 0.06526899 0.06164802 0.01107422]
288 9 [0.21431416 0.16918524 0.14336377 0.11395922 0.0974526  0.08346492 0.04680387 0.04327903 0.01165406]
289 9 [0.2131497  0.13989414 0.13785262 0.10730113 0.10186453 0.07898094 0.06150194 0.05705362 0.01205106]
290 9 [0.21335958 0.13077962 0.12635314 0.12074272 0.09045808 0.08004999 0.06976513 0.06907993 0.01255274]
291 8 [0.33434373 0.12869751 0.12166239 0.08489574 0.07623527 0.05812985 0.05638358 0.04683052]
292 8 [0.29114416 0.25141364 0.1244059  0.10154779 0.07405624 0.03477556 0.02026737 0.01387907]
293 7 [0.22289455 0.16540085 0.14109486 0.13552245 0.1244836  0.08130638 0.02281739]
294 8 [0.25051686 0.11645134 0.11062781 0.08677617 0.08398273 0.08218205 0.06253871 0.03692221]
295 8 [0.1672638  0.15780108 0.1330166  0.10656434 0.10467038 0.07449905 0.04709306 0.01525302]
296 10 [0.26844406 0.20178601 0.11105251 0.07365834 0.06010956 0.03727899 0.03329215 0.02140313 0.01429958 0.01102712]
297 9 [0.25663787 0.17530483 0.08250787 0.07061636 0.06975283 0.06360956 0.04775684 0.04736936 0.04512215]
298 10 [0.22668022 0.2263753  0.08895292 0.06242993 0.05237531 0.04366168 0.03870925 0.03102176 0.02778223 0.02354499]
299 8 [0.7388125  0.07285906 0.03223338 0.02404668 0.01584303 0.01457391 0.01374099 0.0101589 ]
300 9 [0.48389024 0.08854382 0.05617187 0.04607363 0.04250525 0.03187895 0.02751787 0.02476916 0.02456181]
301 10 [0.14899835 0.12115467 0.10126385 0.09391299 0.07527649 0.06427049 0.05754481 0.04358836 0.01407405 0.01080036]
302 9 [0.23262319 0.13298576 0.11092202 0.07545959 0.07145414 0.06232697 0.0457865  0.01111959 0.01095802]
303 11 [0.25196838 0.18666461 0.08737271 0.08524293 0.07527765 0.04926522 0.04775782 0.03744204 0.01757602 0.0123415  0.01035535]
304 9 [0.37440485 0.17782871 0.14700176 0.05203847 0.04131638 0.03649661 0.02849389 0.02511155 0.01914934]
305 9 [0.37080953 0.27253944 0.05921943 0.05133521 0.0365025  0.03126738 0.02735486 0.02689561 0.02215347]
306 8 [0.3891792  0.23594266 0.10573304 0.079843   0.03209819 0.01652402 0.01466489 0.01139224]
307 7 [0.3461466  0.1993932  0.10631839 0.07801873 0.058534   0.04160907 0.01167695]
308 9 [0.25085112 0.16397491 0.11621539 0.11019832 0.08793181 0.04028614 0.03947946 0.02524191 0.01071333]
309 9 [0.3074422  0.10404757 0.10179465 0.09398364 0.07468527 0.06116262 0.04234646 0.03588913 0.01654836]
310 10 [0.23223652 0.1578432  0.13322727 0.09156088 0.09009229 0.06942833 0.05634407 0.03304699 0.01367285 0.01121668]
311 8 [0.26301783 0.16406383 0.10406357 0.09327322 0.07535214 0.07027568 0.05691394 0.04402032]
312 8 [0.24116783 0.20143485 0.13846958 0.10952695 0.07140284 0.05372282 0.03615512 0.02065041]
313 8 [0.17849995 0.16031975 0.11724944 0.11472635 0.09698837 0.08822646 0.07757971 0.06282904]
314 8 [0.27221763 0.1644041  0.12580352 0.09673514 0.08344914 0.07241432 0.0548851  0.02945299]
315 8 [0.2996238  0.1420337  0.12231284 0.10050569 0.08771334 0.06878716 0.04732793 0.04201533]
316 8 [0.2452252  0.16575426 0.1619819  0.11480296 0.06948911 0.06935475 0.06064053 0.04070863]
317 8 [0.24651246 0.15872143 0.15201886 0.10623081 0.08449762 0.0799489 0.06203227 0.03616449]
318 8 [0.21526344 0.20754373 0.20038924 0.0683122  0.06068125 0.05164115 0.05072457 0.04822111]
319 9 [0.14297728 0.1318478  0.11512721 0.09760819 0.09647144 0.08097217 0.08054512 0.06701153 0.05208275]
320 9 [0.32455513 0.19467562 0.09394377 0.08658291 0.06487068 0.05745941 0.04663692 0.03721719 0.01382463]
321 8 [0.18774825 0.16546327 0.13810314 0.13727784 0.0840796  0.06481093 0.0453226  0.03677478]
322 6 [0.3147776  0.23192987 0.1737834  0.08673982 0.07245942 0.03158403]
323 6 [0.29060844 0.25262192 0.12305048 0.08299656 0.06901956 0.05592566]
324 6 [0.3606792  0.18824418 0.14983672 0.07978989 0.07872157 0.03168928]
325 6 [0.28061906 0.20409884 0.12541571 0.09465959 0.08281653 0.08014637]
326 6 [0.36556605 0.16758361 0.11526962 0.09671863 0.08581243 0.06142296]
327 6 [0.2594299  0.15197586 0.15103404 0.13469826 0.11341617 0.05970459]
328 7 [0.2610515  0.20165168 0.11397672 0.11031054 0.09053809 0.08229157 0.03547097]
329 7 [0.23384362 0.13118353 0.12689836 0.11398133 0.11163569 0.06913007 0.04358919]
330 7 [0.38366976 0.10549324 0.09651227 0.08677823 0.08479534 0.07214127 0.05410059]
331 6 [0.24097542 0.19510607 0.16036496 0.07231031 0.06438954 0.03198848]
332 7 [0.21654315 0.17207395 0.14829436 0.12307237 0.09770245 0.06814528 0.02975436]
333 7 [0.31212047 0.20648709 0.14561978 0.11837709 0.03418392 0.01521374 0.01090286]
334 8 [0.19700666 0.15510078 0.14042448 0.11307128 0.0977583  0.08660926 0.05654025 0.01688724]
335 8 [0.19763519 0.15743369 0.14046003 0.12580092 0.11576317 0.10225923 0.02379882 0.0124583 ]
336 7 [0.34215313 0.14293593 0.11342604 0.09379414 0.0819584  0.05116563 0.04676496]
337 8 [0.17363204 0.17277509 0.16566418 0.1077484  0.10754817 0.06366876 0.05081591 0.01124493]
338 9 [0.17782858 0.15073323 0.12733391 0.1218361  0.08295196 0.05931606 0.04815055 0.02680633 0.01370829]
339 8 [0.1888599  0.17833655 0.16536903 0.13054593 0.10119816 0.03539258 0.03006411 0.01013446]
340 7 [0.37574926 0.19103998 0.12227391 0.06350654 0.04168636 0.02880266 0.01153276]
341 8 [0.16950756 0.16896786 0.14712816 0.12283216 0.11143081 0.04867516 0.03416074 0.01561684]
342 8 [0.25906715 0.20665185 0.13549897 0.10275318 0.06546549 0.03996653 0.01278389 0.01093833]
343 7 [0.39719936 0.14200434 0.11276461 0.10943028 0.05278622 0.02843628 0.01060001]
344 8 [0.19703928 0.18207233 0.11526502 0.10870226 0.09418519 0.08709086 0.05368096 0.01013639]
345 7 [0.23409688 0.17394878 0.17191024 0.13181765 0.05744518 0.04329358 0.01443173]
346 8 [0.3198951  0.14482948 0.10208074 0.10191946 0.07807523 0.07611987 0.04170905 0.01023482]
347 8 [0.20181276 0.18660606 0.15079391 0.1365355  0.08157348 0.05135444 0.04804242 0.01220653]
348 7 [0.37017238 0.14303266 0.11014258 0.0935609  0.07538201 0.05163926 0.04962797]
349 7 [0.39649734 0.14830759 0.10945748 0.0731132  0.04971488 0.04904996 0.02191698]
350 8 [0.22412543 0.16971087 0.16364218 0.11501527 0.06765944 0.05961433 0.02227328 0.01049119]
351 7 [0.33079445 0.2714371  0.10013434 0.07042557 0.05513159 0.03583026 0.02855698]
352 7 [0.28550267 0.2715838  0.16502555 0.06690888 0.0537169  0.04099739 0.01570329]
353 8 [0.3255946  0.19392632 0.11293104 0.07495827 0.05565891 0.05523543 0.03626483 0.01432851]
354 8 [0.30842304 0.15360048 0.1414182  0.07542642 0.06801675 0.05324937 0.03154492 0.01145466]
355 8 [0.17107454 0.16458112 0.14966914 0.10371263 0.09259983 0.06989279 0.06069158 0.01660439]
356 8 [0.30637896 0.21507426 0.11450554 0.08837921 0.06155731 0.04071461 0.03793713 0.01297188]
357 7 [0.30009472 0.24969539 0.08422825 0.0762096  0.07489657 0.05749496 0.01545728]
358 7 [0.25137576 0.21041553 0.17979756 0.08286308 0.07049368 0.05162869 0.0102444 ]
359 7 [0.24384165 0.1725361  0.12261561 0.10717946 0.10448276 0.06809757 0.0153579 ]
360 8 [0.33068243 0.18641625 0.11149611 0.05807469 0.05489708 0.04630624 0.04393021 0.01223534]
361 8 [0.26626447 0.13544895 0.12475978 0.10277297 0.08034462 0.07723005 0.05214408 0.01340776]
362 6 [0.59092945 0.09029027 0.05898599 0.04992212 0.04951273 0.04740744]
363 8 [0.20441058 0.14958335 0.12037049 0.11517767 0.09268919 0.07700174 0.02222519 0.01445407]
364 8 [0.18640698 0.16247772 0.1362178  0.13151453 0.09880575 0.08472996 0.02126904 0.01680168]
365 8 [0.1504271  0.1495462  0.147651   0.11974613 0.10794768 0.08623683 0.05525745 0.01145045]
366 7 [0.1930351  0.16193812 0.12716295 0.11603697 0.10732054 0.06558184 0.06334658]
367 7 [0.3200087  0.13204136 0.1300072  0.12037428 0.09518582 0.04230041 0.03451715]
368 7 [0.22339109 0.20871197 0.15577427 0.09658786 0.07853885 0.03358141 0.01093439]
369 7 [0.40330827 0.11699709 0.09994349 0.08974914 0.07371068 0.06616788 0.04348797]
370 8 [0.1710015  0.16691174 0.16655563 0.15444815 0.09180969 0.0801828 0.01048502 0.01012165]
371 6 [0.36499104 0.17212756 0.09733712 0.08194105 0.07730708 0.07398569]
372 7 [0.27972993 0.15892221 0.14187686 0.10386895 0.0963866  0.05360043 0.04021741]
373 7 [0.23572874 0.21635048 0.19312811 0.09299365 0.07379401 0.04997628 0.04460605]
374 7 [0.2520299  0.22049017 0.16687144 0.11156876 0.06791704 0.05328018 0.02090637]
375 7 [0.17722037 0.16678396 0.12876983 0.12744841 0.10905997 0.10538843 0.05202409]
376 6 [0.22042726 0.19279172 0.13244504 0.11591455 0.09268991 0.0891215 ]
377 7 [0.20886435 0.14734834 0.13356619 0.12305557 0.09508077 0.09402199 0.06109766]
378 7 [0.27387574 0.2109237  0.10360926 0.09760201 0.08867001 0.07823422 0.0256798 ]
379 7 [0.26146472 0.16690749 0.11080815 0.09789099 0.09786747 0.08603151 0.02133475]
380 6 [0.31842303 0.23238115 0.10673172 0.07929102 0.07249808 0.0722287 ]
381 6 [0.35322744 0.22052611 0.13978933 0.07597807 0.07341311 0.05985881]
382 6 [0.28661978 0.15369153 0.14125314 0.12198447 0.11206725 0.07689294]
383 6 [0.25769016 0.19405358 0.13249555 0.12250441 0.0840413  0.05772856]
384 8 [0.20346974 0.18459705 0.09883221 0.0796686  0.07821005 0.07795118 0.07079598 0.05788883]
385 8 [0.2610526  0.16408321 0.11264762 0.10680968 0.06566916 0.06322739 0.04928679 0.0365171 ]
386 8 [0.2630948  0.13244046 0.11476292 0.11220209 0.07691005 0.07212442 0.04202401 0.03692411]
387 8 [0.20111321 0.13990389 0.11298586 0.10062187 0.09999706 0.08725569 0.06322079 0.01153949]
388 9 [0.17433056 0.12486076 0.11687615 0.09645947 0.09460496 0.07215633 0.06093927 0.0237889  0.01039851]
389 8 [0.29693356 0.16151275 0.13676918 0.09764474 0.07437866 0.03563526 0.0243172  0.01039233]
390 7 [0.2947944  0.13060418 0.12570854 0.10426366 0.08486813 0.07184207 0.04976257]
391 6 [0.28321478 0.19752853 0.17779237 0.07990021 0.05988085 0.03367642]
392 7 [0.49975234 0.10380084 0.07409481 0.06643137 0.06228033 0.05515669 0.03213808]
393 7 [0.2928318  0.22137932 0.11891178 0.10700187 0.06487706 0.05665586 0.01308923]
394 8 [0.26515645 0.17567672 0.15939152 0.10448218 0.08838455 0.04721991 0.01520178 0.0150722 ]
395 6 [0.30879512 0.20094103 0.14453267 0.1343752  0.05653602 0.02725517]
396 6 [0.47103602 0.14909549 0.12566772 0.05450332 0.01812119 0.01109987]
397 5 [0.27751857 0.26270232 0.22944637 0.05475559 0.01091068]
398 5 [0.28499845 0.2669013  0.20100813 0.08748996 0.01171042]
399 5 [0.2469361  0.20648788 0.1953089  0.17638631 0.0111856 ]
400 5 [0.33914894 0.20496841 0.07492194 0.06414013 0.02118938]
401 5 [0.3213275  0.25448105 0.19898254 0.04287579 0.01216137]
402 5 [0.37576562 0.2223769  0.16475426 0.10708904 0.01277878]
403 5 [0.2991765  0.24529523 0.16178258 0.13452849 0.01066063]
404 4 [0.2483997  0.23525728 0.19863375 0.18073617]
405 4 [0.59999603 0.1320005  0.09499519 0.08826134]
406 4 [0.61703295 0.17808898 0.06767514 0.04736316]
407 5 [0.42111847 0.21635363 0.10899766 0.1006479  0.0127333 ]
408 5 [0.4109459  0.17529443 0.15541145 0.10062199 0.01252625]
409 4 [0.41219506 0.27211127 0.16125919 0.04551288]
410 4 [0.3690166  0.20545234 0.13684535 0.13671875]
411 4 [0.30152735 0.28454262 0.1929727  0.08292568]
412 5 [0.385925   0.17418352 0.1584878  0.13320147 0.01034553]
413 4 [0.59491694 0.1277632  0.09800715 0.07846683]
414 5 [0.27906615 0.27172607 0.20135355 0.08384136 0.01154278]
415 4 [0.36402133 0.278347   0.12927622 0.06500689]
416 4 [0.3534429  0.22442073 0.16061334 0.05980753]
417 5 [0.35796103 0.25539285 0.12567574 0.11815582 0.01237517]
418 4 [0.3459649  0.34347153 0.10785329 0.07768366]
419 5 [0.39607483 0.2086298  0.1679339  0.08422086 0.01157367]
420 4 [0.4012869  0.23403443 0.14054357 0.07869767]
421 4 [0.38192028 0.19759758 0.15985937 0.06493662]
422 5 [0.3817948  0.30443385 0.10220867 0.05022857 0.01052279]
423 5 [0.3529941  0.26351696 0.09823484 0.09642649 0.01317201]
424 6 [0.29991466 0.20560716 0.1541323  0.14860083 0.01527458 0.0116701 ]
425 4 [0.26114145 0.24622032 0.19926926 0.15744655]
426 4 [0.33780172 0.24772635 0.15182076 0.10285466]
427 5 [0.3327077  0.23969947 0.13846178 0.11312891 0.0191071 ]
428 5 [0.28822407 0.23849958 0.23423    0.10135473 0.0121646 ]
429 5 [0.39923167 0.21025956 0.17969982 0.08248957 0.01087432]
430 4 [0.27940872 0.2563726  0.18919934 0.14220195]
431 4 [0.26391456 0.25052184 0.182808   0.17509337]
432 5 [0.36033142 0.24481604 0.15012762 0.12582818 0.01041876]
433 4 [0.28301734 0.2611792  0.21084517 0.11538464]
434 4 [0.28344798 0.2582618  0.23799102 0.10135871]
435 5 [0.28864256 0.2401836  0.2203458  0.12926152 0.01017771]
436 4 [0.29991692 0.22479893 0.1742702  0.16593516]
437 4 [0.2925486  0.2644555  0.1837275  0.12585707]
438 4 [0.3000117  0.2950523  0.15354285 0.09910654]
439 4 [0.292458   0.25197202 0.24760503 0.07216851]
440 5 [0.28691545 0.25250477 0.16909239 0.12203975 0.01288608]
441 5 [0.2935914  0.2382557  0.21184534 0.12254816 0.01054685]
442 5 [0.3765833  0.18409975 0.15870625 0.1140078  0.0179609 ]
443 4 [0.35344926 0.27556598 0.13868305 0.08770867]
444 4 [0.37059143 0.29554507 0.16598621 0.06611441]
445 4 [0.42492726 0.21205676 0.18514343 0.05700462]
446 4 [0.46808988 0.17155604 0.14541005 0.09398045]
447 4 [0.34771568 0.23631984 0.20594352 0.07780863]
448 5 [0.34399936 0.24579121 0.1910077  0.07534445 0.01113016]
449 5 [0.37330216 0.2986292  0.10574458 0.09125355 0.01059318]
450 5 [0.34842452 0.23605807 0.16251025 0.10130867 0.01080396]
451 5 [0.41513583 0.21249075 0.12400068 0.08886145 0.01443896]
452 5 [0.38266537 0.2861979  0.09606921 0.08479092 0.01207153]
453 5 [0.4069532  0.25368476 0.10808447 0.03825365 0.01342384]
454 4 [0.347181   0.21968183 0.2162433  0.09222672]
455 5 [0.28653365 0.26420292 0.15780917 0.14916934 0.0115291 ]
456 4 [0.31662005 0.25113833 0.18702419 0.12147396]
457 4 [0.30613926 0.2919661  0.18655089 0.0897767 ]
458 4 [0.30613786 0.23808381 0.18361932 0.13339023]
459 4 [0.32486546 0.2685016  0.15771705 0.12118209]
460 4 [0.3169488  0.28452253 0.14801672 0.13128966]
461 5 [0.321617   0.24189672 0.1903903  0.12986071 0.01223623]
462 4 [0.31334686 0.20239869 0.19615199 0.15799156]
463 4 [0.36807114 0.23758489 0.14409283 0.12219439]
464 4 [0.34102318 0.30703515 0.1695483  0.07965903]
465 4 [0.2707392  0.24028906 0.23373692 0.11169633]
466 5 [0.23499155 0.22496733 0.21153635 0.19017242 0.01023986]
467 5 [0.33850574 0.25948495 0.16864882 0.11305833 0.01092077]
468 4 [0.35186306 0.24221358 0.17699425 0.1253307 ]
469 4 [0.41280526 0.21783024 0.14941679 0.10494012]
470 4 [0.31664276 0.279848   0.14936064 0.123014  ]
471 4 [0.30901763 0.2797892  0.14871584 0.12452324]
472 5 [0.3016808  0.2388714  0.16799474 0.13233067 0.0118504 ]
473 4 [0.46130094 0.18298492 0.15394282 0.10286984]
474 4 [0.41885817 0.2262641  0.15626119 0.09287617]
475 4 [0.43871224 0.23019455 0.14384374 0.07444751]
476 5 [0.256562   0.23337243 0.22558032 0.15388648 0.0104862 ]
477 5 [0.32737896 0.22583246 0.18280134 0.12294187 0.01013107]
478 5 [0.21918848 0.2151359  0.17873475 0.14038508 0.01001094]
479 4 [0.30350527 0.22240311 0.17082748 0.13388272]
480 4 [0.30498376 0.29152632 0.23225011 0.06285094]
481 5 [0.32576674 0.31436512 0.12637372 0.12117255 0.01190405]
482 5 [0.27218348 0.21221882 0.20723556 0.15999931 0.01109826]
483 5 [0.2897598  0.21438536 0.20439555 0.14085174 0.01590705]
484 5 [0.43197274 0.26825058 0.10366751 0.04821311 0.01097869]
485 5 [0.36908245 0.25423837 0.13659686 0.07460094 0.01577681]
486 5 [0.48426256 0.16676478 0.14327133 0.07039114 0.01197446]
487 5 [0.24376996 0.22723258 0.17828767 0.02560842 0.02278677]
488 5 [0.6834525  0.09774634 0.09644399 0.01352646 0.01307777]
489 4 [0.41793302 0.20942786 0.07550653 0.01898084]
490 3 [0.60233384 0.14200358 0.01887895]
491 3 [0.60517263 0.13700588 0.01409255]
492 3 [0.42475376 0.41903844 0.01060159]
493 4 [0.44942766 0.24560018 0.16639264 0.01001709]
494 5 [0.3674704  0.2638958  0.17895171 0.04109735 0.01154376]
495 7 [0.24062422 0.1927834  0.1660372  0.14361034 0.06112535 0.01246008 0.01161967]
496 5 [0.54320955 0.13167126 0.10251352 0.08475844 0.04041359]
497 6 [0.28254238 0.2572537  0.15926883 0.15849115 0.01882807 0.010505  ]
498 5 [0.2992447  0.16802345 0.16737726 0.14890093 0.1458793 ]
499 5 [0.2599784  0.21468942 0.18062651 0.16499485 0.10156608]
500 5 [0.2937444  0.18099198 0.17311344 0.17038822 0.08892923]
501 5 [0.38899317 0.2060356  0.13008283 0.08508652 0.06280148]
502 5 [0.3023004  0.21655561 0.14615524 0.12970957 0.09896897]
503 5 [0.2618969  0.23837015 0.19608915 0.11577135 0.07289804]
504 5 [0.26276702 0.24789667 0.17630503 0.10374939 0.08292234]
505 6 [0.20435488 0.19036902 0.15137528 0.14471175 0.13993718 0.01197267]
506 7 [0.26919714 0.18990095 0.14184265 0.11442526 0.10684481 0.01287967 0.0121109 ]
507 6 [0.28384623 0.18619093 0.14310077 0.14010923 0.09914172 0.01059016]
508 7 [0.2195126  0.19213276 0.1738436  0.09660681 0.07663229 0.01428661 0.01385205]
509 6 [0.30026892 0.21207798 0.15141974 0.09908062 0.05773237 0.01242423]
510 5 [0.24953093 0.24301882 0.23343515 0.11853153 0.02209684]
511 6 [0.25405824 0.20226489 0.1963093  0.14801918 0.03907123 0.01243312]
512 6 [0.31818613 0.20126905 0.19340162 0.10249852 0.02633754 0.01226582]
513 6 [0.2934906  0.23909715 0.16440336 0.11067814 0.03312147 0.01122838]
514 6 [0.2873536  0.2206847  0.13501738 0.09926789 0.09718196 0.01275289]
515 6 [0.21399239 0.16328357 0.15528509 0.1408182  0.1365261  0.01491522]
516 6 [0.26232362 0.16082539 0.15048851 0.14952536 0.06440937 0.01232026]
517 6 [0.32130387 0.18197027 0.15531528 0.14965399 0.01490059 0.011121  ]
518 6 [0.26200998 0.24644576 0.14271963 0.1047952  0.01800001 0.01708731]
519 5 [0.27409792 0.21466102 0.12550032 0.02629813 0.02406617]
520 5 [0.3635548  0.2876402  0.13729124 0.03745571 0.01072989]
521 5 [0.3301182  0.26621485 0.1445545  0.056364   0.01213099]
522 5 [0.33628488 0.25393957 0.1250509  0.09500754 0.01331109]
523 5 [0.39005414 0.2880024  0.09853324 0.06590524 0.01337352]
524 5 [0.40953657 0.26668563 0.08216999 0.04758622 0.01621776]
525 5 [0.3705339  0.15987514 0.15064403 0.12215742 0.01731372]
526 5 [0.3703675  0.20165375 0.16523297 0.08702168 0.02215241]
527 6 [0.3873414  0.28379488 0.09485427 0.06587325 0.01995875 0.01247426]
528 5 [0.34773847 0.22403869 0.12032154 0.07251526 0.02293501]
529 5 [0.3437893  0.15790911 0.14661686 0.12179785 0.01697483]
530 5 [0.37305576 0.30479938 0.1157256  0.02854624 0.01209932]
531 5 [0.3257823  0.28148866 0.14773726 0.04524148 0.01459738]
532 6 [0.41308853 0.13388842 0.11430398 0.09083667 0.01754335 0.01689271]
533 5 [0.33002234 0.22225906 0.10792766 0.07631541 0.0218996 ]
534 5 [0.28587365 0.2588685  0.08451444 0.08210458 0.03341727]
535 5 [0.38855973 0.14403671 0.13156538 0.09944614 0.01509034]
536 4 [0.40269074 0.26687604 0.11668991 0.01551755]
537 5 [0.23840465 0.23222785 0.22914834 0.12100607 0.01054915]
538 5 [0.27811322 0.24712145 0.14265479 0.11005403 0.06945179]
539 5 [0.23019081 0.21185562 0.18721646 0.1556698  0.07432943]
540 6 [0.271056   0.18338203 0.14145584 0.12987976 0.01202572 0.01172513]
541 5 [0.31118384 0.26229647 0.14306404 0.08688936 0.01818779]
542 6 [0.29450548 0.22706866 0.12780826 0.11292978 0.06887079 0.01161631]
543 5 [0.21144696 0.20270991 0.18554349 0.18205012 0.07989333]
544 6 [0.24024118 0.2036719  0.15400065 0.12011945 0.10789805 0.0106762 ]
545 6 [0.3378072  0.1740275  0.09772911 0.08449128 0.0752251  0.01975474]
546 7 [0.2430474  0.22130667 0.20301105 0.07750221 0.07608672 0.02185415 0.01292962]
547 6 [0.26567826 0.1980907  0.14550173 0.12509686 0.0694851  0.01145096]
548 7 [0.24713741 0.21792637 0.14388582 0.08002343 0.07586773 0.07157452 0.01414404]
549 6 [0.26383957 0.17100881 0.1585576  0.15698639 0.07575014 0.06423539]
550 8 [0.26045108 0.17264275 0.16756873 0.15429486 0.05271683 0.04728394 0.02143815 0.01209486]
551 7 [0.4444196  0.14540513 0.10149477 0.06662092 0.04879442 0.03940552 0.01274944]
552 6 [0.46932584 0.116991   0.10634475 0.09534778 0.07039898 0.06340583]
553 7 [0.30227622 0.2292555  0.10967271 0.09941994 0.05765028 0.04049693 0.02629741]
554 8 [0.19575009 0.16433926 0.15686785 0.14551602 0.08972093 0.06197189 0.04716997 0.01306264]
555 8 [0.23974109 0.15241967 0.11776029 0.11122198 0.10211457 0.0945425 0.04993584 0.04350123]
556 8 [0.21031852 0.14919761 0.13726501 0.10906453 0.08975562 0.08684235 0.07459031 0.06441079]
557 8 [0.253285   0.14187805 0.10862545 0.10111385 0.08647155 0.08303117 0.08100162 0.05305783]
558 8 [0.1485718  0.14132152 0.13384232 0.11791454 0.11232571 0.09587286 0.09504134 0.04945592]
559 8 [0.23951113 0.18676436 0.14433043 0.11495503 0.09035521 0.05991674 0.03696931 0.02596259]
560 8 [0.2798021  0.1913567  0.10808731 0.10057873 0.07645043 0.06672992 0.05310655 0.02135717]
561 8 [0.18018772 0.1706975  0.14003675 0.10521147 0.10313159 0.09051555 0.0480143  0.04736169]
562 9 [0.24815398 0.13708265 0.13042632 0.07759916 0.07262361 0.06980666 0.05953886 0.05325767 0.01022061]
563 7 [0.2679594  0.20967594 0.11698606 0.10665008 0.08528629 0.0742721 0.01626552]
564 8 [0.35999417 0.15582553 0.08730606 0.08335924 0.07209847 0.06919106 0.06491292 0.04457771]
565 8 [0.2946656  0.10117618 0.10117448 0.09448933 0.0837002  0.08055517 0.07890806 0.06915301]
566 8 [0.19048597 0.16906686 0.16370083 0.12911388 0.09295283 0.08438274 0.04846474 0.0346529 ]
567 8 [0.22836427 0.14843637 0.13623397 0.12880312 0.11713611 0.058224 0.05431539 0.04782641]
568 8 [0.19672003 0.16430618 0.15302451 0.12214276 0.10379145 0.09684589 0.06619383 0.02080913]
569 8 [0.18717967 0.17245796 0.16782102 0.11448357 0.09890369 0.09535798 0.06022742 0.04340195]
570 8 [0.23249233 0.18078525 0.16109818 0.1433402  0.06729856 0.06655759 0.06560618 0.03271827]
571 8 [0.20816384 0.20279975 0.12797454 0.12614384 0.12356634 0.0664281 0.04416404 0.03837915]
572 9 [0.2196136  0.18467166 0.1589776  0.11519315 0.09965229 0.049157 0.03932818 0.03863191 0.02793674]
573 9 [0.17703453 0.16170225 0.13388728 0.11712254 0.1136956  0.10015227 0.04782073 0.04674362 0.02009956]
574 10 [0.15146628 0.14908117 0.13586624 0.12484902 0.10947086 0.08643244 0.07083392 0.06312145 0.02439909 0.01750707]
575 10 [0.18887681 0.12063826 0.11143258 0.10651072 0.09617667 0.0777144 0.06610958 0.05964434 0.05116966 0.03953068]
576 10 [0.20038694 0.16690473 0.15126021 0.10419381 0.06285951 0.06165852 0.06144499 0.04350581 0.04325001 0.02820193]
577 11 [0.14961734 0.13679335 0.13304685 0.11544035 0.11461455 0.10173415 0.07481959 0.03713513 0.03334173 0.02130653 0.01960437]
578 11 [0.19664669 0.14196467 0.11151141 0.09987676 0.08530407 0.06784062 0.06775372 0.0649544  0.0409604  0.04015737 0.02405825]
579 11 [0.20756684 0.14047575 0.13739447 0.12390038 0.07977723 0.06811208 0.05749704 0.04916718 0.03441679 0.03109771 0.01540915]
580 11 [0.2921436  0.11277483 0.10352645 0.08413434 0.06463172 0.06087988 0.05993554 0.05881752 0.0562005  0.04160367 0.01490206]
581 11 [0.12261681 0.1073493  0.09526307 0.09117344 0.0882974  0.08621565 0.08493956 0.08472262 0.07524514 0.04406258 0.03889012]
582 11 [0.15231694 0.10844522 0.10245258 0.09633455 0.08615182 0.07204989 0.06635091 0.06447513 0.0574377  0.05481583 0.04188361]
583 11 [0.16179089 0.15364747 0.12927993 0.10023446 0.08004103 0.07582781 0.06824971 0.06237901 0.05049022 0.03600771 0.01955741]
584 11 [0.19034761 0.16326563 0.15318078 0.12595735 0.08185035 0.05789575 0.05279531 0.04787057 0.04214683 0.02156307 0.01142201]
585 11 [0.2189083  0.18295087 0.10843502 0.09400907 0.08566251 0.07778222 0.06242841 0.03702375 0.03198822 0.0253654  0.01002343]
586 10 [0.28130528 0.1301788  0.10945778 0.09674316 0.06907516 0.06174464 0.05881324 0.05109522 0.02588202 0.0243653 ]
587 10 [0.13251163 0.12994646 0.11741833 0.10567852 0.09568917 0.09303927 0.08971403 0.06198822 0.05094327 0.03263391]
588 10 [0.1728321  0.12361752 0.12239688 0.11249762 0.10259695 0.07918929 0.05891543 0.05010553 0.04582796 0.02614594]
589 11 [0.17746511 0.11505459 0.11172492 0.11003602 0.10290647 0.0869776 0.08604471 0.04656435 0.03968046 0.03361965 0.01338901]
590 11 [0.19193912 0.13725854 0.11218651 0.08299012 0.08050236 0.07758873 0.07750579 0.06028054 0.03863176 0.03626011 0.01796756]
591 11 [0.20426966 0.14497118 0.11981592 0.09396161 0.07950151 0.07369886 0.06950007 0.05516538 0.04967162 0.01991178 0.01557367]
592 11 [0.23443879 0.14332514 0.10414351 0.09908079 0.09758101 0.05810494 0.04903678 0.04848023 0.03854291 0.03595977 0.02931917]
593 11 [0.32262442 0.12414796 0.108523   0.08071583 0.07930972 0.07068856 0.05270606 0.03315421 0.02900377 0.0262783  0.01707568]
594 9 [0.34971368 0.12392544 0.11250323 0.10624863 0.08776404 0.07161729 0.04276588 0.02802098 0.02020073]
595 11 [0.3101979  0.12708509 0.09118674 0.08885208 0.07479898 0.06851481 0.06609109 0.03889762 0.03630776 0.01851284 0.01256899]
596 11 [0.32166725 0.13142215 0.08517215 0.08246394 0.08157405 0.06164745 0.05318685 0.04963956 0.0473342  0.02003427 0.01715888]
597 10 [0.27420855 0.18144295 0.10190492 0.08875156 0.08401942 0.05634572 0.04378458 0.03806012 0.03755936 0.0343575 ]
598 10 [0.28325477 0.12862067 0.11661451 0.08840922 0.08370481 0.06799489 0.05641002 0.05275771 0.02388518 0.02210893]
599 10 [0.35560596 0.10303655 0.08456936 0.06958752 0.06934161 0.06786344 0.05946862 0.04614533 0.03829669 0.03009411]
600 11 [0.36414522 0.15065055 0.10411705 0.0721058  0.07165325 0.04237142 0.0409755  0.03635404 0.02733674 0.02612279 0.01070326]
601 11 [0.4120577  0.14927384 0.06163736 0.05832097 0.05222917 0.04442359 0.04219056 0.03528498 0.03109504 0.02883863 0.01905728]
602 11 [0.3804818  0.12495581 0.09226581 0.06198088 0.06159509 0.05324636 0.04032546 0.03974312 0.0339437  0.03021126 0.02270054]
603 11 [0.35066026 0.09254713 0.08490237 0.07667116 0.06259613 0.06252147 0.0578068  0.056647   0.03071824 0.02790931 0.02407607]
604 11 [0.23731984 0.16697879 0.11609974 0.08506295 0.06325566 0.05585978 0.04971639 0.04925771 0.03401606 0.03391945 0.02662072]
605 11 [0.22039774 0.14440018 0.09243657 0.08122727 0.07928309 0.07063097 0.05614796 0.05455315 0.04494642 0.03392641 0.02823818]
606 11 [0.20170759 0.14514701 0.11456681 0.10451461 0.08347505 0.06907154 0.0645745  0.04974873 0.0435838  0.03228416 0.02327802]
607 10 [0.292802   0.15898977 0.11040208 0.09277374 0.07060365 0.06738985 0.06637506 0.03009318 0.02239439 0.02233399]
608 11 [0.37376603 0.13607073 0.09545933 0.06486821 0.06320684 0.04553002 0.04469816 0.03270828 0.03267312 0.02146447 0.01423028]
609 10 [0.33290973 0.14070778 0.13270046 0.08508756 0.06268822 0.05999975 0.03786806 0.03728844 0.03278003 0.01744677]
610 10 [0.4271317  0.0933556  0.08648275 0.08571289 0.07012047 0.05186184 0.03096173 0.0283234  0.02007816 0.0157341 ]
611 11 [0.4362337  0.10586859 0.078182   0.07348838 0.04147404 0.0401691 0.03398636 0.03330003 0.02360602 0.0180648  0.01408871]
612 10 [0.24498987 0.23505013 0.16848677 0.05580084 0.05231018 0.05101055 0.03588786 0.0312374  0.03080446 0.02627007]
613 10 [0.39863828 0.14920272 0.0855235  0.07032972 0.06258596 0.0547228 0.03865103 0.02822472 0.01317793 0.01220464]
614 11 [0.4246609  0.13789159 0.06651778 0.05341886 0.05303537 0.05008323 0.03930021 0.03830885 0.03081705 0.0234267  0.01600249]
615 11 [0.1824727  0.15170468 0.1392319  0.10079218 0.08620349 0.08054578 0.05683072 0.037432   0.029073   0.02523723 0.02208973]
616 11 [0.22761601 0.1686166  0.10949392 0.08650678 0.08371697 0.0824656 0.06185637 0.03293551 0.02625129 0.0245358  0.02453112]
617 10 [0.44474813 0.11874656 0.07710321 0.07161482 0.05588143 0.05035673 0.04680573 0.04363262 0.01558236 0.01176699]
618 9 [0.46184346 0.10756329 0.08584366 0.06988774 0.06716022 0.04296478 0.03914383 0.0320692  0.03143802]
619 9 [0.43380114 0.11094225 0.10507388 0.0710266  0.06674582 0.05187819 0.04499536 0.03074472 0.02026989]
620 10 [0.27763134 0.1981293  0.12015122 0.06635275 0.06210015 0.06006157 0.05439032 0.04957219 0.03507584 0.02192235]
621 10 [0.3106439  0.13249348 0.12288818 0.09083489 0.08773845 0.05117626 0.04584567 0.04099907 0.03521568 0.02459414]
622 10 [0.38508576 0.13207167 0.08606593 0.08473676 0.05604189 0.05544489 0.0480171  0.04246257 0.03851173 0.01424823]
623 11 [0.3383826  0.17929757 0.07783712 0.06239161 0.06227094 0.05039232 0.04953249 0.03703308 0.03065815 0.02499793 0.017755  ]
624 9 [0.41550896 0.10344522 0.08895151 0.07706422 0.05664024 0.05135055 0.05052219 0.04592567 0.03546095]
625 10 [0.35768732 0.17135768 0.08361845 0.07596127 0.06588018 0.05138495 0.05126931 0.04153693 0.02010308 0.01522635]
626 11 [0.3064372  0.16045469 0.14137878 0.09324546 0.05149578 0.04583032 0.04366763 0.03784557 0.0358047  0.01956442 0.01745671]
627 10 [0.35420564 0.18936194 0.12713476 0.05672868 0.04806699 0.04204793 0.03812464 0.03155709 0.02714626 0.02653615]
628 10 [0.36476603 0.17237122 0.1188324  0.05493775 0.04881795 0.04352557 0.04167716 0.0404977  0.0308793  0.02287671]
629 11 [0.38082573 0.11549955 0.09556854 0.08679935 0.05186309 0.04981726 0.04009107 0.03390629 0.03368264 0.03087319 0.02402858]
630 10 [0.32571375 0.20378438 0.09768375 0.0900398  0.06798658 0.05451158 0.0255512  0.02511007 0.02219467 0.01566461]
631 10 [0.38137144 0.17528142 0.08529327 0.06824057 0.06486888 0.05241833 0.03031818 0.02878965 0.02519483 0.02409579]
632 10 [0.39972934 0.1564908  0.10470786 0.08669819 0.05986061 0.05131921 0.02799123 0.02044193 0.01638618 0.01350957]
633 10 [0.4024321  0.16518308 0.06675588 0.06599624 0.06110481 0.0589661 0.04605732 0.03296212 0.02768302 0.01396215]
634 10 [0.46526945 0.14599112 0.06511345 0.06471345 0.04877435 0.03323324 0.03209347 0.02947974 0.02542313 0.01356632]
635 11 [0.4179255  0.11790722 0.10499338 0.06899708 0.05450147 0.04478656 0.03196368 0.02334503 0.02203698 0.02172348 0.01205976]
636 11 [0.4220189  0.11192758 0.0770171  0.06142503 0.05786338 0.05513252 0.04595061 0.03424686 0.03141481 0.03065187 0.02032452]
637 11 [0.4374517  0.10040367 0.09297111 0.06210722 0.0568095  0.05395467 0.03731933 0.03482961 0.02770494 0.02544164 0.01944319]
638 11 [0.40978283 0.11695455 0.10489865 0.07817315 0.05318933 0.04695072 0.0466726  0.03262383 0.02724281 0.018369   0.01186309]
639 10 [0.43642768 0.09591699 0.08985762 0.08516958 0.06682911 0.05598695 0.02999187 0.028115   0.02667802 0.02549439]
640 11 [0.44764173 0.12388631 0.08816824 0.0835608  0.0681377  0.03983204 0.03590798 0.02090011 0.0184997  0.01308571 0.01100295]
641 10 [0.48012364 0.12093271 0.08095495 0.07145241 0.0462245  0.04411776 0.03467282 0.03120344 0.02066025 0.01424778]
642 10 [0.44706535 0.10744554 0.09452908 0.07979745 0.04784088 0.04702044 0.03615627 0.03332578 0.02961749 0.02464529]
643 10 [0.44162017 0.11883247 0.08442342 0.0554681  0.05096052 0.04883327 0.0443888  0.04329353 0.02637204 0.02162563]
644 11 [0.4159169  0.12504095 0.09579947 0.08183683 0.04596544 0.04461407 0.0412074  0.0376811  0.02406066 0.02303251 0.0113417 ]
645 10 [0.36463633 0.16232693 0.13295609 0.0956131  0.06423934 0.05123375 0.03263433 0.0209519  0.0163024  0.01277535]
646 10 [0.17681244 0.17474909 0.12895215 0.10362293 0.09575263 0.08658887 0.06310554 0.05097453 0.03032826 0.01667131]
647 10 [0.19608542 0.15863709 0.11925585 0.09556586 0.07395455 0.07091098 0.05921933 0.05867575 0.04963033 0.03779927]
648 10 [0.22273985 0.15764508 0.14045346 0.09296554 0.08310957 0.06008478 0.05478986 0.05226729 0.04639557 0.02389796]
649 10 [0.28947127 0.17054701 0.1636022  0.06683237 0.06231628 0.05943044 0.04564261 0.03290933 0.02262139 0.01973711]
650 11 [0.27368686 0.1690085  0.10940842 0.0849402  0.07753983 0.07027081 0.05341638 0.04338829 0.03275945 0.02969494 0.01136273]
651 11 [0.2630134  0.21837705 0.11342322 0.09098505 0.05135631 0.05072983 0.04443982 0.04407759 0.03721314 0.03136498 0.01199911]
652 11 [0.2196698  0.21958716 0.12296861 0.08777256 0.06711112 0.06635237 0.05100396 0.04401244 0.03603321 0.03306177 0.01081705]
653 11 [0.187237   0.15350159 0.10623339 0.10267346 0.08790879 0.06925038 0.0683414  0.06119256 0.06113764 0.0348809  0.01735905]
654 11 [0.23498009 0.16221976 0.10866509 0.09777544 0.08660591 0.08415603 0.05678235 0.05359342 0.02898993 0.02113098 0.01766109]
655 11 [0.13195162 0.10913815 0.10672634 0.09098113 0.08749903 0.08608528 0.08072983 0.077306   0.07412495 0.06954025 0.02267552]
656 11 [0.15769333 0.1222829  0.10527048 0.10399818 0.09628472 0.0806013 0.07848752 0.07063837 0.05849746 0.05636174 0.01870813]
657 11 [0.22181484 0.14408007 0.12049478 0.08786306 0.07801192 0.07611811 0.06483032 0.06276398 0.043019   0.03316581 0.01707519]
658 11 [0.2208412  0.13244888 0.10156994 0.08620072 0.08523445 0.08343907 0.07879207 0.06510331 0.04486774 0.02239272 0.01531599]
659 11 [0.2687442  0.20938225 0.09256593 0.07286199 0.07017682 0.05104618 0.05089282 0.04600653 0.03425461 0.01907356 0.01747728]
660 11 [0.16425122 0.16358301 0.12579876 0.08014872 0.07844683 0.07693074 0.06736698 0.0663903  0.053936   0.03218423 0.03094443]
661 11 [0.23614705 0.12431561 0.12310538 0.11110339 0.09600815 0.07158677 0.06152367 0.04505209 0.04330108 0.02063675 0.01736957]
662 11 [0.20948815 0.15207992 0.1341388  0.08521487 0.07572011 0.0711763 0.0711671  0.04555196 0.0454369  0.04048122 0.01910458]
663 11 [0.15570088 0.15452735 0.13510263 0.10226441 0.09672228 0.05971907 0.0584446  0.0574087  0.0485133  0.03462577 0.03115054]
664 11 [0.28903073 0.12797065 0.08404125 0.08173303 0.07286143 0.06822134 0.05718698 0.04187302 0.04038948 0.03264322 0.03058139]
665 11 [0.22778673 0.13618478 0.1337013  0.07341876 0.06931537 0.05701637 0.05659725 0.04895347 0.04797015 0.04465293 0.03002434]
666 11 [0.22803575 0.16967702 0.14171037 0.08875365 0.07522544 0.05566236 0.04826394 0.04669591 0.03301521 0.0287416  0.02077006]
667 11 [0.18086194 0.17357174 0.13942665 0.08798054 0.07661884 0.05848942 0.05506716 0.04726755 0.04562012 0.04145755 0.02953176]
668 11 [0.2183192  0.15026282 0.12698615 0.12423311 0.06231087 0.05272805 0.05133384 0.04911198 0.04352073 0.03163153 0.02837335]
669 11 [0.2096861  0.13824436 0.11590737 0.08499081 0.06901113 0.06722037 0.06515349 0.05921856 0.04724179 0.04427936 0.02942539]
670 11 [0.14793131 0.12205729 0.111155   0.10990082 0.0983092  0.08476505 0.06270871 0.06097516 0.06074039 0.05063056 0.03043646]
671 11 [0.17136395 0.13082288 0.11881064 0.11500093 0.09113242 0.08587139 0.08019114 0.04806873 0.04120693 0.02993548 0.01706348]
672 10 [0.27601582 0.15718062 0.12938821 0.07046843 0.06753073 0.06481289 0.06235855 0.05174477 0.035941   0.02279335]
673 10 [0.28959742 0.23193835 0.09909786 0.06833899 0.06034352 0.05308102 0.04972842 0.0428075  0.03335069 0.02088158]
674 11 [0.2736066  0.25120196 0.10901985 0.05691148 0.05647812 0.05522031 0.04114731 0.04019457 0.0254763  0.02518345 0.01830806]
675 11 [0.29681242 0.12208068 0.10250878 0.08338616 0.07973116 0.0691928 0.05270107 0.04049255 0.03610402 0.034733   0.02824733]
676 10 [0.21212748 0.20998196 0.16752674 0.10597653 0.06409398 0.05371149 0.04921478 0.0340187  0.02446452 0.02334276]
677 11 [0.25952986 0.1590902  0.14842576 0.08322501 0.08082257 0.06449068 0.04820621 0.03476525 0.03033027 0.01854669 0.01123946]
678 10 [0.22758096 0.15580526 0.14062637 0.12665133 0.08603329 0.06628424 0.05007834 0.04599345 0.0298409  0.01842379]
679 10 [0.22669996 0.15793082 0.13310154 0.11666454 0.11073744 0.06709113 0.04856632 0.02656729 0.02557649 0.02354307]
680 10 [0.25209945 0.13881221 0.10275593 0.09339239 0.08140459 0.07762939 0.06806429 0.0532051  0.04683307 0.02197995]
681 10 [0.25818634 0.19680911 0.10784466 0.08972543 0.08836909 0.07319323 0.04729488 0.03200223 0.02565658 0.02518088]
682 10 [0.21036433 0.20663603 0.11335957 0.1063035  0.09534191 0.06765478 0.05779138 0.04431986 0.02919419 0.01390132]
683 11 [0.21873592 0.19368784 0.11342713 0.1037818  0.08706992 0.0829079 0.0422642  0.03533749 0.02828974 0.02527768 0.0175538 ]
684 11 [0.25105828 0.14986192 0.11480349 0.11193883 0.09023414 0.06994582 0.06618328 0.03994681 0.01931768 0.01795375 0.01221399]
685 10 [0.25783214 0.1274308  0.12087081 0.10649217 0.08111887 0.07678504 0.06908792 0.03298829 0.03150992 0.02390904]
686 10 [0.19179069 0.1465735  0.12374904 0.109979   0.08064016 0.08052738 0.06125134 0.04840447 0.04110399 0.01866479]
687 12 [0.19680396 0.15460494 0.11802102 0.10466374 0.09911438 0.07695749 0.04716975 0.04590924 0.03094695 0.01315157 0.01275653 0.01209887]
688 11 [0.1820813  0.16276996 0.14744423 0.13392706 0.11053214 0.05684102 0.04791411 0.03572659 0.02424331 0.01961019 0.01473069]
689 11 [0.16906025 0.1412298  0.1173439  0.11508497 0.10796504 0.07789245 0.06988329 0.05326923 0.04837963 0.01559981 0.01316924]
690 11 [0.20597465 0.14825276 0.14420374 0.07891742 0.0751115  0.07434453 0.05952343 0.05742821 0.03900819 0.01942544 0.01641071]
691 9 [0.20604731 0.13858747 0.13071395 0.09303166 0.08140202 0.07073625 0.07018963 0.05202213 0.0461984 ]
692 10 [0.37609506 0.1199294  0.09791113 0.07983309 0.07956152 0.05571302 0.04093028 0.03281385 0.02225192 0.01507688]
693 11 [0.27183378 0.10965604 0.10446224 0.09330493 0.07566415 0.07337447 0.06504165 0.05106246 0.03583283 0.03041784 0.01714219]
694 10 [0.16577865 0.14827482 0.13853438 0.13141    0.084136   0.07665055 0.05607874 0.0480264  0.02280448 0.01691173]
695 11 [0.2088113  0.20618528 0.10596386 0.10503753 0.08597939 0.08121851 0.03294169 0.02972268 0.02147116 0.01958991 0.01386163]
696 10 [0.15199837 0.14862213 0.14169084 0.1176258  0.10160242 0.06035014 0.05492486 0.04107956 0.03723612 0.03488928]
697 10 [0.29184708 0.12044353 0.11179435 0.10848492 0.06920212 0.06443968 0.04884961 0.0420194  0.04092269 0.03543479]
698 10 [0.30221725 0.18155485 0.11605855 0.09081298 0.07041687 0.05671813 0.04830198 0.02926782 0.01894532 0.01452129]
699 11 [0.20530663 0.16220163 0.13454242 0.11465508 0.08305214 0.05167969 0.04406464 0.04175499 0.04076376 0.03545567 0.01121265]
700 9 [0.16001752 0.15264872 0.13740161 0.12593184 0.09588574 0.05950792 0.04366056 0.03615813 0.03298805]
701 10 [0.25334498 0.14140438 0.12040234 0.10595664 0.10411898 0.0767756 0.04261595 0.02998392 0.01621251 0.01336106]
702 11 [0.18483652 0.16275187 0.12591058 0.0979607  0.0965542  0.08836269 0.05236305 0.03552105 0.0345384  0.03182048 0.01433389]
703 11 [0.3435431  0.12491009 0.12098911 0.08340167 0.07454026 0.04663674 0.04057791 0.03533585 0.02313409 0.01593505 0.01314307]
704 10 [0.30518052 0.20818023 0.09157607 0.06773315 0.06271313 0.05918198 0.05249391 0.02969264 0.02307822 0.01727363]
705 10 [0.30442148 0.10946143 0.09789342 0.08134187 0.06579547 0.06132054 0.05829441 0.05070242 0.02935836 0.02344394]
706 11 [0.13730489 0.10956006 0.10429434 0.10150136 0.09627431 0.08208229 0.06553348 0.06496461 0.0630846  0.02231151 0.02000615]
707 11 [0.25524193 0.18746656 0.10887222 0.10758207 0.07724118 0.05270929 0.03995097 0.02894704 0.0205359  0.01888463 0.01726814]
708 11 [0.2466634  0.13164572 0.13132022 0.08481914 0.07810147 0.06205847 0.05745494 0.04832031 0.02204757 0.01943943 0.0187203 ]
709 10 [0.27194375 0.15726481 0.15613884 0.10088472 0.068918   0.0523559 0.02573506 0.02145549 0.01857852 0.01472818]
710 11 [0.19536811 0.1852688  0.10468786 0.09387655 0.07185351 0.0656084 0.04572467 0.03977744 0.03560237 0.02617627 0.01995244]
711 11 [0.20650923 0.13419133 0.1290503  0.12844265 0.08317736 0.07913084 0.06545898 0.04129718 0.02712137 0.02065529 0.01504656]
712 11 [0.21127817 0.14908747 0.10768987 0.0901898  0.08089532 0.07558413 0.06388307 0.05335712 0.04442722 0.02226145 0.01411879]
713 11 [0.2393526  0.1300138  0.1284627  0.08980894 0.07272378 0.07253528 0.05505511 0.0513525  0.03898547 0.01583512 0.014457  ]
714 11 [0.27339512 0.14648363 0.10580953 0.09001739 0.07704623 0.06174718 0.04951209 0.04856706 0.0255041  0.01639083 0.0135822 ]
715 10 [0.29699397 0.15403958 0.10411955 0.07989818 0.0768167  0.07426762 0.04980978 0.02856319 0.02143562 0.01871191]
716 11 [0.20362091 0.14543937 0.13554823 0.08772145 0.08044911 0.06838278 0.06561502 0.05531839 0.03540193 0.02064956 0.0173424 ]
717 11 [0.13627537 0.12875588 0.12076529 0.1182417  0.09830891 0.07515792 0.06232359 0.05093028 0.03168163 0.0294497  0.02794231]
718 10 [0.16033207 0.15942723 0.12155911 0.08704294 0.08301301 0.07659026 0.05889078 0.0533805  0.03322343 0.01554975]
719 11 [0.18059033 0.15983099 0.11791611 0.10401715 0.09839771 0.06690358 0.06430684 0.0571585  0.03769451 0.02630389 0.01320018]
720 11 [0.16465855 0.16432135 0.15008068 0.11274965 0.09678775 0.08406211 0.06545028 0.02169142 0.02060034 0.01966292 0.01198848]
721 10 [0.19777931 0.17300564 0.13289087 0.10857093 0.09635355 0.05477377 0.05450703 0.05121267 0.03200965 0.0100914 ]
722 10 [0.19877112 0.13609305 0.1322528  0.12174825 0.10199559 0.0589785 0.05797965 0.04413479 0.03767882 0.03540329]
723 10 [0.24517389 0.14242864 0.11574823 0.09629097 0.08753703 0.06393907 0.06279319 0.05069162 0.03420976 0.02558967]
724 10 [0.24634859 0.17689739 0.12043473 0.09682742 0.09256177 0.0561559 0.04623589 0.0311442  0.02672997 0.02158576]
725 9 [0.27949947 0.15995593 0.15165423 0.10970229 0.10089246 0.04892537 0.04827939 0.02116158 0.0167152 ]
726 10 [0.22237691 0.21138076 0.1440108  0.07419739 0.06728699 0.05687981 0.0512765  0.04541259 0.02847891 0.01695004]
727 8 [0.35194173 0.13763933 0.11568009 0.08225347 0.0644444  0.06330889 0.05615954 0.04111842]
728 10 [0.20116886 0.13867055 0.13796984 0.12593137 0.0911814  0.05151919 0.04731023 0.04434183 0.02669531 0.01956515]
729 9 [0.30692643 0.14270851 0.12351801 0.11825971 0.08747715 0.06930067 0.03942308 0.01609143 0.01394331]
730 10 [0.16626547 0.14143485 0.13377625 0.1031208  0.10183731 0.07642087 0.06695206 0.06512289 0.04404857 0.01773699]
731 9 [0.20396844 0.19791773 0.13874018 0.12345593 0.07041519 0.06674757 0.06621111 0.04337041 0.01049431]
732 9 [0.23834935 0.18977655 0.18837363 0.06625129 0.06086719 0.05767372 0.04432444 0.04343838 0.01339534]
733 9 [0.31761962 0.23906428 0.14516239 0.05335362 0.04333796 0.04293573 0.04162133 0.02578078 0.01134224]
734 10 [0.2246929  0.11756549 0.10906602 0.08107248 0.07658512 0.07524855 0.07470602 0.05165295 0.0479966  0.02817458]
735 10 [0.17766431 0.1528436  0.13175017 0.1247241  0.09117503 0.08015905 0.06820702 0.05398569 0.01783137 0.01425904]
736 9 [0.20676468 0.1486886  0.1128187  0.11169787 0.09352455 0.08328009 0.0611199  0.05446194 0.02645928]
737 9 [0.17998092 0.13200891 0.13079537 0.10947739 0.09568141 0.08902078 0.08080694 0.03858502 0.03776925]
738 10 [0.17808922 0.13196191 0.11721643 0.10356386 0.09448983 0.08030551 0.06861179 0.06607182 0.05767268 0.01268405]
739 10 [0.27016667 0.17051592 0.14604145 0.10927364 0.07972772 0.05216332 0.02928954 0.02293799 0.0211082  0.01170558]
740 10 [0.17587239 0.15415469 0.1385457  0.13047683 0.07323231 0.05496303 0.05230349 0.04891062 0.03150994 0.02613857]
741 10 [0.3123693  0.1212876  0.1120718  0.07970256 0.05669781 0.05205875 0.0453246  0.04233517 0.04211236 0.03188229]
742 10 [0.21742924 0.1386955  0.12369207 0.09932214 0.08348358 0.06807481 0.05837405 0.0515851  0.02299218 0.02195231]
743 10 [0.14777888 0.14155763 0.10845648 0.10374979 0.07397747 0.07195346 0.06263576 0.05674647 0.03450058 0.02802817]
744 10 [0.20174284 0.17843834 0.12620808 0.07871491 0.07093878 0.06675882 0.05799584 0.04446854 0.0423018  0.01928943]
745 10 [0.23562391 0.13423878 0.12433282 0.10188612 0.07515086 0.06379547 0.0634295  0.04565768 0.0288247  0.02528297]
746 10 [0.18372177 0.13074872 0.117814   0.10102437 0.08210385 0.07629991 0.0749357  0.06666402 0.03909661 0.0182105 ]
747 9 [0.18388869 0.14225918 0.12578052 0.12195059 0.10531348 0.06660588 0.0578368  0.05032459 0.02903827]
748 10 [0.20773962 0.13710207 0.13330427 0.12502979 0.08528671 0.05744239 0.05350414 0.05096899 0.04712513 0.02467204]
749 10 [0.20476578 0.13817321 0.11163893 0.08949433 0.08650985 0.07135412 0.06201725 0.06063487 0.03905628 0.03252298]
750 10 [0.22240236 0.14969929 0.14850874 0.10561769 0.07774963 0.07175387 0.05073579 0.02927623 0.01785608 0.01337817]
751 10 [0.1690407  0.1526476  0.12335701 0.08926174 0.08049232 0.07635693 0.06999446 0.04912328 0.04209531 0.03665325]
752 10 [0.1767557  0.17038022 0.13012289 0.10580304 0.10402165 0.05489109 0.04746301 0.04149441 0.0378985  0.0169126 ]
753 9 [0.29600903 0.1537337  0.1369444  0.09536803 0.09367304 0.04172156 0.02798053 0.02257468 0.0129725 ]
754 10 [0.21243666 0.17159036 0.14281608 0.14020446 0.07807399 0.04225456 0.03817163 0.02379001 0.01702687 0.01415101]
755 10 [0.27709898 0.13842812 0.13271843 0.08787589 0.07962199 0.0651639 0.05035711 0.03338995 0.02539527 0.02316479]
756 10 [0.24885154 0.19962277 0.11723768 0.07887945 0.06756279 0.05687512 0.04123523 0.03933706 0.02680814 0.02008291]
757 10 [0.22020404 0.16462922 0.15597771 0.07770781 0.07749164 0.05651814 0.04512984 0.03848788 0.03827444 0.03596519]
758 10 [0.18012837 0.1772724  0.17520896 0.08273392 0.07046558 0.0621388 0.05599651 0.04935107 0.0340596  0.03168142]
759 10 [0.34737843 0.09840238 0.09793516 0.09664477 0.07228773 0.0493846 0.04475142 0.04207199 0.0411502  0.01774119]
760 10 [0.32818064 0.12765975 0.11897206 0.10944296 0.09049053 0.05605294 0.05091849 0.0277065  0.01176237 0.01080337]
761 10 [0.3315285  0.12564485 0.07974536 0.07966531 0.07965764 0.06227285 0.04992026 0.04094812 0.02301604 0.01004056]
762 11 [0.21899574 0.15264937 0.14742996 0.10302665 0.08486161 0.05794666 0.05708249 0.03537816 0.03353755 0.01849435 0.01098123]
763 9 [0.37656835 0.12487981 0.08349372 0.06845599 0.05857024 0.05839127 0.04798484 0.02914318 0.01670034]
764 10 [0.20082036 0.14808752 0.11085875 0.1020024  0.08637823 0.06696253 0.05851137 0.05152948 0.03360756 0.03254623]
765 11 [0.19323017 0.10914548 0.10433757 0.09895833 0.09658483 0.09140565 0.07511955 0.03916874 0.03664774 0.01786417 0.01123026]
766 10 [0.25506186 0.12919767 0.11457332 0.10667661 0.09166933 0.05866333 0.04997205 0.03129555 0.03113873 0.02790402]
767 10 [0.27339682 0.13864666 0.11223169 0.09313415 0.08244306 0.05213726 0.04695883 0.04525409 0.03883548 0.0212023 ]
768 11 [0.19562657 0.12680326 0.12074706 0.11273184 0.11147364 0.08478798 0.04744859 0.04656979 0.03352216 0.0275772  0.01870956]
769 11 [0.15396647 0.14568587 0.12271953 0.11295801 0.09518874 0.0848781 0.05620503 0.0464569  0.04621975 0.02617277 0.02611585]
770 11 [0.24839959 0.1504184  0.11958704 0.09872293 0.07831204 0.06807248 0.04060007 0.03674293 0.03459209 0.02932457 0.01785857]
771 9 [0.18235934 0.17787193 0.14008242 0.11891054 0.0996656  0.07802305 0.0408439  0.03237253 0.03099876]
772 11 [0.3180254  0.12575246 0.098423   0.08000909 0.07679063 0.07241286 0.03970438 0.03856034 0.03081998 0.03047874 0.01473793]
773 10 [0.15187466 0.13489938 0.13169987 0.1106371  0.09665874 0.08795487 0.07515566 0.03804433 0.02521788 0.02228696]
774 10 [0.26056305 0.11454523 0.09643725 0.0828794  0.08032522 0.0737094 0.06501229 0.05773196 0.03604806 0.03258902]
775 11 [0.18282323 0.12108321 0.11076882 0.09993029 0.08578588 0.07677193 0.0596397  0.04328511 0.02913475 0.02792393 0.02763535]
776 10 [0.18343616 0.12963162 0.12685183 0.11353804 0.0825576  0.08064178 0.08005849 0.04331305 0.03073343 0.01337648]
777 10 [0.2048053  0.13635279 0.1090579  0.10317717 0.09530655 0.07466958 0.06098764 0.04390907 0.03517673 0.02632554]
778 9 [0.29310986 0.14300989 0.11026666 0.09617436 0.08215375 0.0485856 0.04025584 0.03625528 0.01012623]
779 11 [0.17563179 0.142996   0.12305649 0.08151043 0.08038357 0.06936012 0.0630724  0.06198663 0.04365847 0.02734743 0.01343877]
780 11 [0.23995078 0.20745502 0.09364169 0.06927428 0.06060814 0.05020653 0.04291958 0.03774707 0.03578411 0.02631117 0.01617195]
781 9 [0.20000006 0.16611062 0.118053   0.10490742 0.06910364 0.06359141 0.0611847  0.05701642 0.02289699]
782 10 [0.22757713 0.10484473 0.09771388 0.0958215  0.09448823 0.08818399 0.06880651 0.06818874 0.02251193 0.01781227]
783 10 [0.20008992 0.11791224 0.10121388 0.0986136  0.08542068 0.07703757 0.06629477 0.06529825 0.02892631 0.0284352 ]
784 10 [0.22354911 0.16214243 0.09151843 0.08950432 0.08114226 0.06760513 0.0629218  0.04754692 0.04688732 0.03213403]
785 10 [0.19983152 0.18112068 0.08985183 0.08484633 0.07955236 0.07544299 0.06279824 0.05104471 0.02317321 0.02221982]
786 10 [0.18016718 0.15800214 0.09300381 0.08901884 0.08320671 0.08059204 0.07773356 0.03864023 0.03000987 0.02736944]
787 11 [0.20317677 0.12953296 0.099093   0.08765241 0.08421202 0.07071154 0.06465512 0.06242739 0.03116545 0.03048021 0.02370249]
788 12 [0.20776287 0.10824751 0.10680095 0.1019601  0.08127987 0.07985324 0.07784446 0.04642426 0.03679667 0.03224535 0.0239385  0.01017006]
789 11 [0.24304959 0.14327937 0.09450566 0.07712499 0.07182169 0.06793789 0.06250679 0.05580377 0.04378196 0.02866733 0.01684393]
790 11 [0.24389158 0.10775948 0.10669955 0.09235075 0.07920621 0.07893308 0.05858317 0.05635001 0.05252422 0.02018384 0.01365593]
791 12 [0.14425182 0.13079865 0.12589861 0.09798773 0.09662795 0.08319411 0.07337119 0.06193154 0.04085967 0.03223513 0.02219338 0.01227129]
792 12 [0.17407368 0.13840997 0.10783873 0.08125582 0.0773584  0.06827617 0.06706733 0.05871086 0.04914506 0.043559   0.02183911 0.01326414]
793 11 [0.21110335 0.16903333 0.10021419 0.0962773  0.07578493 0.06089228 0.05213087 0.04864417 0.04347716 0.03737871 0.01381805]
794 11 [0.23430859 0.17531271 0.09385411 0.08670063 0.0756349  0.05002369 0.04864483 0.04043461 0.03768365 0.03580886 0.03046868]
795 12 [0.22734016 0.2002485  0.11563373 0.08368491 0.06021221 0.04494755 0.03574953 0.03014492 0.02661991 0.02295788 0.02132377 0.01867541]
796 12 [0.21822111 0.15278044 0.09377579 0.09103465 0.08871827 0.08026016 0.04959852 0.03738509 0.0358653  0.03351451 0.01866779 0.01381085]
797 10 [0.23275834 0.18374628 0.09984354 0.08922002 0.07836017 0.06656083 0.05297588 0.03732588 0.02886504 0.02404845]
798 11 [0.19965835 0.17579338 0.17121959 0.0977448  0.07879343 0.07219356 0.0339509  0.02999599 0.02704367 0.01737037 0.01173923]
799 11 [0.23926768 0.17896785 0.09611776 0.08209436 0.07170535 0.05195148 0.03958811 0.03528739 0.03333537 0.02894826 0.01748287]
800 11 [0.19068827 0.12002794 0.11521302 0.1001361  0.09746438 0.0967528 0.05513164 0.05204235 0.03505953 0.03382857 0.01604401]
801 12 [0.1624232  0.12423187 0.11901145 0.11430547 0.1053602  0.08699515 0.05750388 0.04760347 0.03339366 0.02240303 0.02071008 0.01907981]
802 11 [0.21739773 0.14665163 0.10603974 0.09514342 0.08186816 0.0765383 0.0580975  0.0500789  0.0467508  0.02701938 0.01558872]
803 10 [0.18040124 0.1552148  0.11901855 0.108966   0.09181157 0.08236567 0.05854115 0.04570824 0.02480598 0.02101457]
804 11 [0.22560048 0.14009388 0.09759337 0.09429806 0.09365673 0.09191902 0.05803326 0.04104188 0.03704116 0.03422803 0.01240521]
805 11 [0.23145527 0.12411696 0.11897819 0.11525095 0.07919737 0.06511331 0.05758174 0.04457689 0.04431756 0.02890997 0.01695029]
806 11 [0.15150537 0.142828   0.12941638 0.11072843 0.09198366 0.08833172 0.05725009 0.0562147  0.03569525 0.02739435 0.01325339]
807 10 [0.25961015 0.12759748 0.12656069 0.09978222 0.09592248 0.07272574 0.06402007 0.03510539 0.0290785  0.02668327]
808 10 [0.18995957 0.11538217 0.09898017 0.08881643 0.07882535 0.07737492 0.05627154 0.05243547 0.02503305 0.01364465]
809 11 [0.18411256 0.16386925 0.12376079 0.07790153 0.07673939 0.05650522 0.05004617 0.04948727 0.04770097 0.04363073 0.02829118]
810 11 [0.19702843 0.16970469 0.13348116 0.07882418 0.06039293 0.06010813 0.05780707 0.04864866 0.04745143 0.03387938 0.02169785]
811 10 [0.25611073 0.1213074  0.11864121 0.07927212 0.0641183  0.05751716 0.05654719 0.0526553  0.05219504 0.04371773]
812 11 [0.18995221 0.16794147 0.11232261 0.10857131 0.08596052 0.05670749 0.04812489 0.0456113  0.04260401 0.03586911 0.01825362]
813 11 [0.19910513 0.10999416 0.10769214 0.0916205  0.08665136 0.08541164 0.08488539 0.04592256 0.03799414 0.03755224 0.01477747]
814 12 [0.22611408 0.19518547 0.11154158 0.08841687 0.07507848 0.05432496 0.04953177 0.03585051 0.03272086 0.02079251 0.01540115 0.01132821]
815 10 [0.26554447 0.14614406 0.1286924  0.08195805 0.08184795 0.06455269 0.03994699 0.03982983 0.03959773 0.02590933]
816 11 [0.17948484 0.1765856  0.14483152 0.08692905 0.08070643 0.0545848 0.051641   0.04267503 0.04011798 0.03417203 0.0217948 ]
817 10 [0.16502096 0.13955502 0.1297908  0.10992424 0.09993047 0.09293546 0.0634856  0.04245095 0.03669698 0.03393415]
818 10 [0.13618247 0.13545816 0.13302617 0.11027152 0.10554251 0.10042342 0.09248616 0.04282686 0.03667074 0.02367516]
819 11 [0.20637731 0.15754685 0.1256916  0.10515887 0.10387111 0.07714901 0.06104919 0.03429632 0.02761669 0.02382595 0.01416928]
820 11 [0.21627018 0.15752193 0.10614961 0.1017958  0.06139465 0.05520409 0.05496181 0.04922066 0.0487612  0.04173864 0.03199958]
821 10 [0.2163847  0.17578954 0.12033766 0.10301986 0.10217406 0.05276649 0.05037501 0.04420198 0.0328409  0.02576139]
822 11 [0.22699054 0.13832647 0.08088354 0.07952213 0.07491117 0.07338078 0.07189761 0.06847411 0.05268591 0.03370266 0.02184193]
823 12 [0.2069281  0.17553672 0.11268498 0.09540959 0.0672723  0.05770844 0.04736521 0.04324572 0.03337659 0.02946389 0.02426573 0.01210363]
824 11 [0.1871804  0.18521117 0.12812048 0.12571019 0.07405886 0.04931895 0.04553877 0.04156797 0.03209484 0.02900976 0.0209792 ]
825 10 [0.25383526 0.18220823 0.16292606 0.08439235 0.06112756 0.05611541 0.04608626 0.0375343  0.02278453 0.0113598 ]
826 10 [0.2359875  0.16484098 0.13455816 0.11716107 0.07672056 0.05698461 0.04553824 0.02829986 0.02805508 0.0175575 ]
827 9 [0.23032399 0.15863115 0.10891861 0.10388438 0.09747943 0.06287586 0.04076923 0.03237567 0.02786651]
828 10 [0.22927752 0.18589066 0.11989419 0.1138759  0.09364956 0.06127971 0.03237392 0.02817715 0.0187254  0.01257122]
829 10 [0.23417763 0.1952451  0.11625803 0.10479046 0.08889753 0.03437303 0.03024609 0.02850617 0.02837904 0.01861467]
830 11 [0.2410634  0.175661   0.11373967 0.09608424 0.09571215 0.06646678 0.03754558 0.03114981 0.01912285 0.01487242 0.01406527]
831 11 [0.235525   0.1712976  0.13348942 0.11420237 0.07718094 0.07071783 0.04110724 0.02383799 0.01860218 0.01579773 0.01505216]
832 10 [0.25082383 0.16063783 0.12997095 0.11080214 0.10121363 0.06192702 0.04721829 0.01507737 0.01334623 0.01152734]
833 10 [0.19571742 0.13047218 0.12963617 0.11825405 0.10453738 0.08896659 0.07040877 0.03705845 0.02047161 0.01457787]
834 10 [0.16397178 0.15743452 0.13178204 0.12988225 0.10346177 0.0676183 0.06540535 0.03424687 0.02786198 0.02200907]
835 10 [0.17862874 0.1646835  0.12552553 0.11968071 0.11542623 0.08141637 0.03825971 0.03787896 0.01820079 0.01738822]
836 11 [0.19858922 0.15365915 0.12526591 0.09506078 0.09471297 0.09432515 0.07646985 0.0340115  0.01593361 0.01566484 0.01115422]
837 11 [0.21538165 0.16702777 0.14423205 0.10571335 0.09347645 0.08551834 0.03812255 0.02419141 0.01757925 0.01456311 0.01170465]
